0.000000 0.062778 0.000000
0.000010 0.355842 0.000000
0.000020 0.789140 0.000000
0.000030 1.000000 0.000000
0.000040 0.776009 0.000000
0.000050 0.430322 0.000000
0.000060 0.436377 0.000000
0.000070 0.779038 0.000000
0.000080 1.000000 0.000000
0.000090 0.803849 0.000000
0.000100 0.291168 0.000000
0.000110 -0.308588 0.000000
0.000120 -0.801751 0.000000
0.000130 -1.000000 0.000000
0.000140 -0.803719 0.000000
0.000150 -0.302881 0.000000
0.000160 0.303330 0.000000
0.000170 0.803748 0.000000
0.000180 1.000000 0.000000
0.000190 0.802221 0.000000
0.000200 0.308270 0.000000
0.000210 -0.292733 0.000000
0.000220 -0.804277 0.000000
0.000230 -1.000000 0.000000
0.000240 -0.780840 0.000000
0.000250 -0.434259 0.000000
0.000260 -0.422697 0.000000
0.000270 -0.775309 0.000000
0.000280 -1.000000 0.000000
0.000290 -0.775464 0.000000
0.000300 -0.422518 0.000000
0.000310 -0.433591 0.000000
0.000320 -0.780604 0.000000
0.000330 -1.000000 0.000000
0.000340 -0.803483 0.000000
0.000350 -0.293105 0.000000
0.000360 0.305826 0.000000
0.000370 0.801541 0.000000
0.000380 1.000000 0.000000
0.000390 0.800893 0.000000
0.000400 0.307050 0.000000
0.000410 -0.290078 0.000000
0.000420 -0.802889 0.000000
0.000430 -1.000000 0.000000
0.000440 -0.777188 0.000000
0.000450 -0.437913 0.000000
0.000460 -0.437479 0.000000
0.000470 -0.776770 0.000000
0.000480 -1.000000 0.000000
0.000490 -0.802414 0.000000
0.000500 -0.289731 0.000000
0.000510 0.306377 0.000000
0.000520 0.800404 0.000000
0.000530 1.000000 0.000000
0.000540 0.800819 0.000000
0.000550 0.305571 0.000000
0.000560 -0.291752 0.000000
0.000570 -0.802774 0.000000
0.000580 -1.000000 0.000000
0.000590 -0.779180 0.000000
0.000600 -0.433826 0.000000
0.000610 -0.426109 0.000000
0.000620 -0.776648 0.000000
0.000630 -1.000000 0.000000
0.000640 -0.779234 0.000000
0.000650 -0.418558 0.000000
0.000660 -0.418591 0.000000
0.000670 -0.779266 0.000000
0.000680 -1.000000 0.000000
0.000690 -0.776683 0.000000
0.000700 -0.426138 0.000000
0.000710 -0.433780 0.000000
0.000720 -0.779143 0.000000
0.000730 -1.000000 0.000000
0.000740 -0.802723 0.000000
0.000750 -0.291725 0.000000
0.000760 0.305486 0.000000
0.000770 0.800766 0.000000
0.000780 1.000000 0.000000
0.000790 0.800314 0.000000
0.000800 0.306359 0.000000
0.000810 -0.289546 0.000000
0.000820 -0.802327 0.000000
0.000830 -1.000000 0.000000
0.000840 -0.776580 0.000000
0.000850 -0.437521 0.000000
0.000860 -0.438395 0.000000
0.000870 -0.777347 0.000000
0.000880 -1.000000 0.000000
0.000890 -0.803386 0.000000
0.000900 -0.289686 0.000000
0.000910 0.308706 0.000000
0.000920 0.801201 0.000000
0.000930 1.000000 0.000000
0.000940 0.803453 0.000000
0.000950 0.302427 0.000000
0.000960 -0.303194 0.000000
0.000970 -0.803515 0.000000
0.000980 -1.000000 0.000000
0.000990 -0.802043 0.000000
0.001000 -0.308158 0.000000
0.001010 0.292510 0.000000
0.001020 0.804167 0.000000
0.001030 1.000000 0.000000
0.001040 0.780670 0.000000
0.001050 0.434359 0.000000
0.001060 0.423119 0.000000
0.001070 0.775372 0.000000
0.001080 1.000000 0.000000
0.001090 0.775805 0.000000
0.001100 0.421986 0.000000
0.001110 0.432224 0.000000
0.001120 0.780530 0.000000
0.001130 1.000000 0.000000
0.001140 0.801976 0.000000
0.001150 0.296635 0.000000
0.001160 -0.296610 0.000000
0.001170 -0.801958 0.000000
0.001180 -1.000000 0.000000
0.001190 -0.780468 0.000000
0.001200 -0.432199 0.000000
0.001210 -0.422139 0.000000
0.001220 -0.775896 0.000000
0.001230 -1.000000 0.000000
0.001240 -0.775568 0.000000
0.001250 -0.423112 0.000000
0.001260 -0.433868 0.000000
0.001270 -0.780479 0.000000
0.001280 -1.000000 0.000000
0.001290 -0.803628 0.000000
0.001300 -0.292859 0.000000
0.001310 0.306433 0.000000
0.001320 0.801677 0.000000
0.001330 1.000000 0.000000
0.001340 0.801513 0.000000
0.001350 0.306561 0.000000
0.001360 -0.292166 0.000000
0.001370 -0.803330 0.000000
0.001380 -1.000000 0.000000
0.001390 -0.779590 0.000000
0.001400 -0.434151 0.000000
0.001410 -0.425726 0.000000
0.001420 -0.776387 0.000000
0.001430 -1.000000 0.000000
0.001440 -0.778989 0.000000
0.001450 -0.418489 0.000000
0.001460 -0.418889 0.000000
0.001470 -0.779383 0.000000
0.001480 -1.000000 0.000000
0.001490 -0.776829 0.000000
0.001500 -0.426101 0.000000
0.001510 -0.433559 0.000000
0.001520 -0.779101 0.000000
0.001530 -1.000000 0.000000
0.001540 -0.802639 0.000000
0.001550 -0.291804 0.000000
0.001560 0.305327 0.000000
0.001570 0.800763 0.000000
0.001580 1.000000 0.000000
0.001590 0.800269 0.000000
0.001600 0.306453 0.000000
0.001610 -0.289432 0.000000
0.001620 -0.802345 0.000000
0.001630 -1.000000 0.000000
0.001640 -0.776559 0.000000
0.001650 -0.437620 0.000000
0.001660 -0.438480 0.000000
0.001670 -0.777316 0.000000
0.001680 -1.000000 0.000000
0.001690 -0.803394 0.000000
0.001700 -0.289583 0.000000
0.001710 0.308777 0.000000
0.001720 0.801162 0.000000
0.001730 1.000000 0.000000
0.001740 0.803454 0.000000
0.001750 0.302314 0.000000
0.001760 -0.303270 0.000000
0.001770 -0.803471 0.000000
0.001780 -1.000000 0.000000
0.001790 -0.802051 0.000000
0.001800 -0.308018 0.000000
0.001810 0.292632 0.000000
0.001820 0.804122 0.000000
0.001830 1.000000 0.000000
0.001840 0.780721 0.000000
0.001850 0.434136 0.000000
0.001860 0.422803 0.000000
0.001870 0.775407 0.000000
0.001880 1.000000 0.000000
0.001890 0.775556 0.000000
0.001900 0.422578 0.000000
0.001910 0.433487 0.000000
0.001920 0.780537 0.000000
0.001930 1.000000 0.000000
0.001940 0.803407 0.000000
0.001950 0.293083 0.000000
0.001960 -0.305719 0.000000
0.001970 -0.801494 0.000000
0.001980 -1.000000 0.000000
0.001990 -0.800825 0.000000
0.002000 -0.307059 0.000000
0.002010 0.289963 0.000000
0.002020 0.802857 0.000000
0.002030 1.000000 0.000000
0.002040 0.777126 0.000000
0.002050 0.437953 0.000000
0.002060 0.437606 0.000000
0.002070 0.776786 0.000000
0.002080 1.000000 0.000000
0.002090 0.802472 0.000000
0.002100 0.289651 0.000000
0.002110 -0.306523 0.000000
0.002120 -0.800400 0.000000
0.002130 -1.000000 0.000000
0.002140 -0.800872 0.000000
0.002150 -0.305436 0.000000
0.002160 0.291927 0.000000
0.002170 0.802743 0.000000
0.002180 1.000000 0.000000
0.002190 0.779231 0.000000
0.002200 0.433609 0.000000
0.002210 0.425875 0.000000
0.002220 0.776714 0.000000
0.002230 1.000000 0.000000
0.002240 0.779164 0.000000
0.002250 0.418929 0.000000
0.002260 0.419014 0.000000
0.002270 0.779160 0.000000
0.002280 1.000000 0.000000
0.002290 0.776904 0.000000
0.002300 0.425313 0.000000
0.002310 0.432454 0.000000
0.002320 0.779286 0.000000
0.002330 1.000000 0.000000
0.002340 0.801410 0.000000
0.002350 0.295611 0.000000
0.002360 -0.296438 0.000000
0.002370 -0.801503 0.000000
0.002380 -1.000000 0.000000
0.002390 -0.780248 0.000000
0.002400 -0.431937 0.000000
0.002410 -0.422184 0.000000
0.002420 -0.775956 0.000000
0.002430 -1.000000 0.000000
0.002440 -0.775459 0.000000
0.002450 -0.423087 0.000000
0.002460 -0.434296 0.000000
0.002470 -0.780731 0.000000
0.002480 -1.000000 0.000000
0.002490 -0.804285 0.000000
0.002500 -0.292712 0.000000
0.002510 0.308381 0.000000
0.002520 0.802310 0.000000
0.002530 1.000000 0.000000
0.002540 0.803950 0.000000
0.002550 0.303438 0.000000
0.002560 -0.303324 0.000000
0.002570 -0.804001 0.000000
0.002580 -1.000000 0.000000
0.002590 -0.802335 0.000000
0.002600 -0.308561 0.000000
0.002610 0.292690 0.000000
0.002620 0.804411 0.000000
0.002630 1.000000 0.000000
0.002640 0.780852 0.000000
0.002650 0.434528 0.000000
0.002660 0.422959 0.000000
0.002670 0.775241 0.000000
0.002680 1.000000 0.000000
0.002690 0.775686 0.000000
0.002700 0.421922 0.000000
0.002710 0.432357 0.000000
0.002720 0.780603 0.000000
0.002730 1.000000 0.000000
0.002740 0.802058 0.000000
0.002750 0.296647 0.000000
0.002760 -0.296722 0.000000
0.002770 -0.801999 0.000000
0.002780 -1.000000 0.000000
0.002790 -0.780526 0.000000
0.002800 -0.432182 0.000000
0.002810 -0.422041 0.000000
0.002820 -0.775875 0.000000
0.002830 -1.000000 0.000000
0.002840 -0.775524 0.000000
0.002850 -0.423150 0.000000
0.002860 -0.433958 0.000000
0.002870 -0.780484 0.000000
0.002880 -1.000000 0.000000
0.002890 -0.803661 0.000000
0.002900 -0.292799 0.000000
0.002910 0.306520 0.000000
0.002920 0.801667 0.000000
0.002930 1.000000 0.000000
0.002940 0.801537 0.000000
0.002950 0.306474 0.000000
0.002960 -0.292258 0.000000
0.002970 -0.803305 0.000000
0.002980 -1.000000 0.000000
0.002990 -0.779608 0.000000
0.003000 -0.434026 0.000000
0.003010 -0.425614 0.000000
0.003020 -0.776432 0.000000
0.003030 -1.000000 0.000000
0.003040 -0.778965 0.000000
0.003050 -0.418687 0.000000
0.003060 -0.419088 0.000000
0.003070 -0.779318 0.000000
0.003080 -1.000000 0.000000
0.003090 -0.776925 0.000000
0.003100 -0.425683 0.000000
0.003110 -0.432918 0.000000
0.003120 -0.779182 0.000000
0.003130 -1.000000 0.000000
0.003140 -0.801999 0.000000
0.003150 -0.293744 0.000000
0.003160 0.300833 0.000000
0.003170 0.801139 0.000000
0.003180 1.000000 0.000000
0.003190 0.790253 0.000000
0.003200 0.369229 0.000000
