1 1 2666
8.355678e+01 2.324556e+01
-7.335331e+02 1.673407e+03
-5.094601e+03 9.473944e+03
-1.306022e+04 2.139410e+04
-1.701014e+04 2.760088e+04
-6.058498e+03 2.194528e+04
1.655095e+04 1.406198e+04
2.811073e+04 1.449873e+04
1.430932e+04 2.068707e+04
-8.144092e+03 2.046603e+04
-1.172339e+04 8.968004e+03
-2.787461e+02 -8.906389e+03
-5.643699e+03 -1.659095e+04
-4.043224e+04 -1.322919e+04
-7.840317e+04 -1.746486e+04
-9.878567e+04 -4.330173e+04
-1.120655e+05 -6.667282e+04
-1.371226e+05 -4.760280e+04
-1.699174e+05 8.316990e+03
-1.803036e+05 4.229743e+04
-1.514844e+05 2.553934e+04
-8.874468e+04 -1.301072e+04
-1.107829e+04 -4.186331e+04
5.432479e+04 -6.453175e+04
7.320870e+04 -8.621449e+04
3.125146e+04 -8.536297e+04
-4.575268e+04 -4.566764e+04
-9.739298e+04 5.578074e+03
-9.580335e+04 2.072198e+04
-8.990106e+04 -2.669067e+04
-1.252450e+05 -1.105669e+05
-1.503998e+05 -1.770009e+05
-9.115636e+04 -1.833241e+05
1.889593e+04 -1.323202e+05
6.831295e+04 -6.538116e+04
2.668191e+04 -2.757311e+04
-8.823267e+03 -5.043519e+04
3.755177e+04 -1.298652e+05
1.352017e+05 -1.981910e+05
2.249710e+05 -1.685879e+05
3.067156e+05 -4.199211e+04
3.811442e+05 7.322892e+04
4.186489e+05 7.318684e+04
3.954152e+05 -2.195802e+04
3.277843e+05 -1.077099e+05
2.491662e+05 -1.297905e+05
1.812512e+05 -1.210893e+05
1.309307e+05 -1.003157e+05
1.024043e+05 -3.817226e+04
9.911712e+04 6.117402e+04
9.820417e+04 1.182385e+05
5.918519e+04 7.643513e+04
-2.780981e+04 -2.103172e+04
-9.509740e+04 -8.458901e+04
-3.652662e+04 -6.480464e+04
1.293157e+05 2.405312e+04
2.471151e+05 1.271606e+05
2.146032e+05 1.599506e+05
1.128708e+05 1.026123e+05
7.674055e+04 4.806676e+04
1.035178e+05 1.220775e+05
5.379781e+04 3.199586e+05
-1.324633e+05 5.014040e+05
-3.544547e+05 5.369538e+05
-4.778029e+05 4.155935e+05
-4.463287e+05 2.177964e+05
-2.851058e+05 4.073071e+04
-8.998007e+04 -6.263755e+04
3.838527e+04 -8.016630e+04
5.160562e+04 3.185277e+03
-2.668638e+04 2.014717e+05
-1.586704e+05 4.224445e+05
-3.129432e+05 4.785225e+05
-4.136528e+05 2.979359e+05
-3.658388e+05 6.092670e+04
-1.584843e+05 -1.628303e+04
1.319203e+05 7.226985e+04
4.174383e+05 1.749502e+05
5.887913e+05 2.114832e+05
5.353518e+05 2.371598e+05
2.554661e+05 2.695837e+05
-6.795439e+04 2.502792e+05
-2.443186e+05 1.375348e+05
-2.430951e+05 2.419724e+03
-1.436655e+05 -7.345770e+04
-2.725589e+04 -9.994650e+04
5.983292e+04 -1.384465e+05
9.555423e+04 -1.925087e+05
1.195423e+05 -1.986892e+05
1.582991e+05 -1.440867e+05
1.633119e+05 -1.148580e+05
9.802500e+04 -1.602609e+05
3.664717e+04 -1.907749e+05
9.138168e+04 -1.057818e+05
2.324250e+05 8.340215e+04
3.097190e+05 2.805859e+05
2.306391e+05 3.906909e+05
6.246945e+04 3.816399e+05
-3.093961e+04 3.018695e+05
3.388736e+03 2.232817e+05
1.742466e+04 2.366536e+05
-1.291787e+05 3.621456e+05
-3.425230e+05 5.011534e+05
-4.294924e+05 5.176242e+05
-4.053974e+05 3.909142e+05
-4.644813e+05 2.260764e+05
-6.345670e+05 1.174519e+05
-6.961668e+05 7.741837e+04
-4.911432e+05 1.131766e+05
-1.612875e+05 2.219878e+05
7.049141e+04 2.946311e+05
1.496411e+05 2.147644e+05
1.604543e+05 3.456110e+04
1.841801e+05 -8.636505e+04
2.420292e+05 -4.113850e+04
3.174064e+05 1.766009e+05
3.303361e+05 5.185896e+05
1.923917e+05 7.903121e+05
-4.277645e+04 7.176098e+05
-2.199285e+05 2.311019e+05
-2.259995e+05 -4.229181e+05
-2.363671e+03 -8.953145e+05
4.560140e+05 -9.511141e+05
9.254312e+05 -6.022515e+05
9.511304e+05 -1.520989e+05
3.672506e+05 -1.939454e+04
-3.391538e+05 -3.086774e+05
-5.346493e+05 -6.951140e+05
-1.534840e+05 -8.249530e+05
3.447982e+05 -6.747693e+05
6.095381e+05 -4.161712e+05
6.914882e+05 -1.647552e+05
7.566400e+05 1.358565e+04
7.991773e+05 4.501920e+04
6.844931e+05 -8.268151e+04
3.758146e+05 -2.459116e+05
5.665982e+04 -3.038509e+05
-2.785284e+04 -2.217878e+05
1.124004e+05 -4.427334e+04
1.925967e+05 1.227529e+05
7.039516e+04 8.290773e+04
-1.615695e+04 -2.809739e+05
2.333636e+05 -7.480795e+05
7.489721e+05 -8.823931e+05
1.183230e+06 -5.517310e+05
1.322162e+06 -6.177810e+04
1.178168e+06 2.809270e+05
8.335674e+05 4.432748e+05
4.284222e+05 5.040265e+05
2.011918e+05 4.734393e+05
3.165711e+05 3.832297e+05
6.191151e+05 3.178233e+05
8.166995e+05 2.865508e+05
7.981021e+05 2.463641e+05
6.589345e+05 2.074668e+05
4.913490e+05 1.964067e+05
3.277380e+05 1.746078e+05
2.126699e+05 1.375017e+05
1.428147e+05 1.669669e+05
9.850645e+04 2.883343e+05
1.711155e+05 3.366344e+05
4.442209e+05 1.454398e+05
7.187697e+05 -2.088126e+05
6.846772e+05 -4.619833e+05
4.711653e+05 -4.552855e+05
5.360776e+05 -2.507061e+05
8.530587e+05 -7.411533e+03
8.523685e+05 1.581450e+05
3.592660e+05 1.743563e+05
-6.678007e+04 6.587996e+04
-3.429212e+03 3.298776e+04
1.952249e+05 2.568985e+05
3.314981e+04 5.944182e+05
-3.986889e+05 6.942786e+05
-7.080124e+05 5.128531e+05
-7.332498e+05 3.518935e+05
-5.315714e+05 3.740219e+05
-1.561256e+05 4.144198e+05
3.316786e+05 3.499294e+05
7.794946e+05 2.949763e+05
1.003696e+06 3.201914e+05
8.736130e+05 3.345820e+05
4.117604e+05 2.917043e+05
-1.658180e+05 1.984864e+05
-6.041443e+05 -2.990899e+03
-8.517276e+05 -2.628729e+05
-1.045001e+06 -2.725470e+05
-1.269533e+06 1.292651e+05
-1.368311e+06 5.500279e+05
-1.013746e+06 5.480383e+05
-3.798330e+04 2.880364e+05
1.291965e+06 2.687971e+05
2.388752e+06 5.152697e+05
2.773255e+06 5.981058e+05
2.406723e+06 2.766637e+05
1.647565e+06 -2.390854e+05
9.286844e+05 -5.701083e+05
4.199789e+05 -4.757306e+05
-5.892783e+04 -1.159864e+04
-7.116957e+05 5.245096e+05
-1.381757e+06 8.664745e+05
-1.690667e+06 1.028824e+06
-1.522200e+06 1.131309e+06
-1.134418e+06 1.132729e+06
-8.287856e+05 9.364791e+05
-6.357782e+05 5.738183e+05
-3.733891e+05 2.122726e+05
6.510486e+04 -4.151199e+04
5.009577e+05 -2.153247e+05
5.755226e+05 -4.296082e+05
5.572418e+04 -7.226004e+05
-8.645619e+05 -9.366246e+05
-1.669753e+06 -8.473057e+05
-1.898065e+06 -4.771521e+05
-1.458674e+06 -1.883235e+05
-6.410014e+05 -2.508369e+05
1.776811e+05 -4.342262e+05
7.175129e+05 -2.867636e+05
8.283461e+05 1.645133e+05
5.404591e+05 3.495261e+05
1.066735e+05 -1.214099e+05
-1.967548e+05 -9.443585e+05
-2.584907e+05 -1.466558e+06
-7.722943e+04 -1.460587e+06
3.410977e+05 -1.245075e+06
8.540159e+05 -1.148326e+06
1.199396e+06 -1.081453e+06
1.312026e+06 -7.160231e+05
1.248475e+06 -2.621334e+04
8.261690e+05 5.566719e+05
7.449423e+02 5.697542e+05
-5.818533e+05 1.730652e+04
-2.664333e+05 -6.018652e+05
4.562464e+05 -7.859328e+05
4.444700e+05 -5.062189e+05
-4.798119e+05 -2.245858e+05
-1.366927e+06 -3.927959e+05
-1.585013e+06 -9.006334e+05
-1.339603e+06 -1.168773e+06
-8.591650e+05 -8.710876e+05
-1.057681e+05 -2.889081e+05
7.089175e+05 1.689634e+05
1.125368e+06 4.119984e+05
9.766150e+05 4.449239e+05
5.109910e+05 1.111594e+05
1.240509e+05 -5.608771e+05
1.798762e+05 -1.074123e+06
6.896680e+05 -1.013815e+06
1.045591e+06 -5.472075e+05
6.306137e+05 -1.265494e+05
-2.666634e+05 9.852697e+04
-7.833348e+05 2.382754e+05
-7.091512e+05 3.870124e+05
-6.116836e+05 6.597214e+05
-7.740293e+05 1.162125e+06
-8.294847e+05 1.656553e+06
-5.194499e+05 1.563218e+06
-1.157012e+05 6.553237e+05
3.871538e+04 -5.861640e+05
1.041152e+03 -1.509051e+06
9.084127e+04 -2.002686e+06
4.535088e+05 -2.287968e+06
8.266398e+05 -2.354085e+06
8.294469e+05 -2.022539e+06
5.586547e+05 -1.344910e+06
5.748427e+05 -6.424819e+05
1.029085e+06 -2.148010e+05
1.296591e+06 -2.051656e+05
9.410084e+05 -6.228181e+05
4.850269e+05 -1.208477e+06
5.389867e+05 -1.447791e+06
7.092369e+05 -1.065033e+06
2.945360e+05 -3.512801e+05
-4.420573e+05 1.919415e+05
-6.272390e+05 3.592121e+05
-1.022220e+05 2.379508e+05
4.821931e+05 -6.311225e+04
6.524518e+05 -3.943644e+05
3.905513e+05 -4.589507e+05
-2.146716e+05 -4.813494e+03
-9.086150e+05 8.181054e+05
-1.234926e+06 1.416159e+06
-1.085643e+06 1.225441e+06
-8.641728e+05 2.940429e+05
-7.710163e+05 -5.930084e+05
-5.621849e+05 -6.350325e+05
-1.511648e+05 1.212795e+05
1.246465e+05 8.129093e+05
5.730104e+04 7.033148e+05
-1.810569e+05 -3.177546e+04
-4.009531e+05 -5.791091e+05
-5.201419e+05 -4.555917e+05
-3.964217e+05 -4.609310e+04
4.786327e+04 -3.069766e+04
6.138721e+05 -4.407223e+05
1.044897e+06 -5.993623e+05
1.330223e+06 -7.367618e+04
1.570507e+06 6.901979e+05
1.676672e+06 9.235425e+05
1.452051e+06 4.519834e+05
9.426751e+05 -1.960207e+05
4.625940e+05 -4.765646e+05
1.555151e+05 -2.934658e+05
-2.976943e+05 1.469271e+05
-1.215329e+06 6.113103e+05
-2.198939e+06 8.705242e+05
-2.312149e+06 7.531319e+05
-1.178710e+06 3.500416e+05
3.823640e+05 -1.928277e+04
1.160357e+06 -2.222568e+05
8.193903e+05 -4.335711e+05
9.579120e+04 -7.072317e+05
-1.786881e+05 -7.629416e+05
8.229092e+04 -4.335314e+05
3.773805e+05 -1.692837e+04
3.018650e+05 9.837378e+04
-1.415342e+05 -1.045388e+05
-6.513552e+05 -4.526305e+05
-7.891143e+05 -9.513945e+05
-2.788282e+05 -1.541811e+06
6.052866e+05 -1.747585e+06
1.211813e+06 -1.024748e+06
1.295344e+06 4.997674e+05
1.142128e+06 2.013391e+06
7.647068e+05 2.692148e+06
-2.665065e+05 2.260405e+06
-1.793959e+06 1.034878e+06
-2.780061e+06 -1.815872e+05
-2.570739e+06 -4.923391e+05
-1.732837e+06 3.122238e+05
-1.133654e+06 1.347425e+06
-7.753718e+05 1.526540e+06
-1.925115e+05 7.927222e+05
5.404315e+05 8.718882e+04
8.302983e+05 -1.539609e+04
4.990178e+05 1.680617e+05
4.254768e+04 1.417578e+05
-1.412022e+05 -4.536725e+04
-3.868869e+05 -1.466296e+05
-1.181042e+06 -2.733457e+05
-2.181729e+06 -7.144896e+05
-2.522000e+06 -1.376677e+06
-1.800837e+06 -1.885812e+06
-4.775315e+05 -1.977137e+06
7.500914e+05 -1.598102e+06
1.459198e+06 -7.875983e+05
1.586031e+06 2.484386e+05
1.328314e+06 1.056115e+06
1.063221e+06 1.214209e+06
8.648232e+05 8.003603e+05
3.677366e+05 2.277829e+05
-6.330293e+05 -1.475001e+05
-1.740110e+06 -2.373217e+05
-2.409191e+06 8.732025e+02
-2.489680e+06 5.066891e+05
-2.180971e+06 9.312613e+05
-1.647425e+06 8.856671e+05
-8.890979e+05 3.932661e+05
-8.373495e+04 -9.582334e+04
4.210185e+05 -1.987778e+05
3.817465e+05 3.486510e+04
-5.934427e+03 2.472853e+05
-2.865324e+05 1.090178e+05
-3.049138e+04 -5.522609e+05
6.143793e+05 -1.556682e+06
1.016607e+06 -2.344521e+06
7.454542e+05 -2.377827e+06
8.439045e+04 -1.722705e+06
-3.121111e+05 -9.448338e+05
-1.515990e+05 -3.981456e+05
3.095451e+05 1.750932e+05
6.347210e+05 9.350232e+05
6.265387e+05 1.379398e+06
3.828453e+05 9.738226e+05
2.775718e+05 3.973196e+04
7.835421e+05 -6.536669e+05
1.798866e+06 -9.377994e+05
2.659574e+06 -1.104783e+06
2.730494e+06 -1.234058e+06
2.059802e+06 -1.047359e+06
1.211811e+06 -6.118988e+05
6.625977e+05 -2.108951e+05
3.801135e+05 -3.433676e+03
1.402579e+05 5.581724e+04
-2.845424e+05 3.998901e+04
-8.844651e+05 5.236629e+04
-1.261073e+06 5.636975e+04
-9.631828e+05 -2.270890e+05
-9.200622e+04 -9.515858e+05
8.236849e+05 -1.615978e+06
1.166844e+06 -1.579825e+06
7.942759e+05 -9.197004e+05
9.600567e+04 -3.352065e+05
-2.978657e+05 -1.188293e+05
2.875064e+04 7.285307e+03
8.240242e+05 2.595999e+05
1.338322e+06 4.018736e+05
1.094537e+06 2.143365e+05
3.709626e+05 -3.171009e+05
-2.583946e+05 -1.100859e+06
-4.644413e+05 -1.718078e+06
-4.039285e+05 -1.663165e+06
-1.574220e+05 -7.062488e+05
2.952320e+05 4.952113e+05
8.333075e+05 1.139329e+06
1.103875e+06 1.001188e+06
8.414396e+05 6.010212e+05
2.987637e+05 4.949386e+05
-1.395474e+05 7.234201e+05
-2.155137e+05 9.161308e+05
2.626270e+04 7.302943e+05
5.011112e+05 2.842458e+05
1.097232e+06 6.008082e+04
1.518480e+06 2.742714e+05
1.516039e+06 5.821781e+05
1.157374e+06 7.776117e+05
9.020588e+05 1.021541e+06
9.136987e+05 1.372577e+06
7.142980e+05 1.572324e+06
-2.543907e+04 1.427945e+06
-9.293119e+05 8.902517e+05
-1.379502e+06 2.413657e+05
-1.237723e+06 -2.630613e+05
-7.615276e+05 -3.743318e+05
-1.511956e+05 -1.779269e+05
3.540517e+05 -5.690513e+04
3.171235e+05 -5.865352e+04
-3.032475e+05 2.812994e+05
-9.333415e+05 1.010008e+06
-9.878348e+05 1.434055e+06
-6.428782e+05 1.123536e+06
-3.603090e+05 6.058153e+05
-4.703109e+05 5.745338e+05
-9.586350e+05 8.474016e+05
-1.499316e+06 7.584330e+05
-1.835630e+06 2.907080e+05
-1.971474e+06 -1.421015e+05
-2.055076e+06 -2.231265e+05
-1.876175e+06 -1.862750e+05
-1.006600e+06 -3.231071e+05
1.362878e+05 -5.974635e+05
5.365548e+05 -6.127804e+05
1.231294e+04 -5.105162e+04
-4.479984e+05 8.056613e+05
-1.214380e+05 1.041176e+06
5.087778e+05 2.699461e+05
7.517692e+05 -8.338278e+05
6.359349e+05 -1.304362e+06
4.351159e+05 -1.194786e+06
2.297845e+05 -1.186374e+06
-3.810031e+04 -1.336414e+06
-3.444839e+05 -9.771318e+05
-6.652220e+05 5.841810e+04
-9.542889e+05 1.051543e+06
-9.188304e+05 1.382316e+06
-4.275001e+05 1.083416e+06
1.664223e+05 5.455607e+05
4.722876e+05 -8.600901e+04
5.502694e+05 -8.278934e+05
5.325364e+05 -1.523460e+06
2.813661e+05 -1.830121e+06
-9.923176e+04 -1.497082e+06
-2.604094e+05 -6.114316e+05
-1.994074e+05 3.327640e+05
-4.364720e+05 8.568491e+05
-1.091515e+06 7.480558e+05
-1.565126e+06 2.366870e+05
-1.542013e+06 -1.787406e+05
-1.353245e+06 -2.104552e+05
-1.247853e+06 4.678411e+04
-1.092896e+06 1.115884e+05
-7.593214e+05 -1.979064e+05
-5.568069e+05 -5.539530e+05
-5.480945e+05 -7.581584e+05
-5.748719e+05 -1.034767e+06
-5.231636e+05 -1.587638e+06
-4.943220e+05 -2.024337e+06
-5.620337e+05 -1.853814e+06
-5.413822e+05 -1.130604e+06
-2.944760e+05 -4.887954e+05
1.506288e+05 -3.538961e+05
4.807373e+05 -6.906074e+05
3.846308e+05 -1.112278e+06
-6.822769e+04 -1.336840e+06
-6.079697e+05 -1.275591e+06
-1.050770e+06 -1.044441e+06
-1.386020e+06 -7.853178e+05
-1.681133e+06 -5.453533e+05
-1.831162e+06 -1.775081e+05
-1.668495e+06 2.184903e+05
-1.098742e+06 1.535315e+05
-1.349404e+05 -6.251232e+05
7.390497e+05 -1.572086e+06
8.902506e+05 -1.692399e+06
2.345253e+05 -7.525827e+05
-6.205488e+05 4.287127e+05
-9.226524e+05 6.659023e+05
-6.464677e+05 -1.721325e+05
-3.694027e+05 -1.035611e+06
-4.652246e+05 -1.003315e+06
-8.338702e+05 -3.168211e+05
-1.133441e+06 8.831204e+04
-1.200650e+06 -1.472017e+05
-1.049392e+06 -5.941448e+05
-7.736233e+05 -7.814754e+05
-4.091540e+05 -5.467892e+05
-8.446011e+03 -4.415356e+04
3.762385e+05 3.983526e+05
6.694648e+05 5.525776e+05
8.509086e+05 3.978290e+05
8.788653e+05 2.851162e+05
6.454138e+05 3.422073e+05
2.236225e+05 4.545206e+05
-1.199757e+05 3.327583e+05
-2.392078e+05 9.850271e+04
-1.591414e+05 7.918185e+02
8.998504e+04 4.745058e+04
4.399996e+05 1.737129e+04
6.331525e+05 -1.088799e+05
3.125340e+05 -1.449458e+05
-4.007721e+05 6.963370e+04
-7.575271e+05 3.666783e+05
-2.733959e+05 5.798107e+05
5.412717e+05 5.963989e+05
8.872622e+05 3.368888e+05
6.336234e+05 -3.134514e+04
3.766964e+05 -3.246738e+05
3.972818e+05 -3.505060e+05
4.293258e+05 -3.922499e+05
3.184137e+05 -5.849552e+05
3.761285e+05 -6.190194e+05
5.992634e+05 -1.259557e+05
7.724114e+05 4.572811e+05
7.836458e+05 3.584575e+05
9.300777e+05 -3.609365e+05
1.377578e+06 -8.627858e+05
1.731643e+06 -5.005524e+05
1.698230e+06 4.320404e+05
1.366646e+06 1.221509e+06
1.045538e+06 1.399887e+06
8.031327e+05 9.694951e+05
6.905912e+05 1.715163e+05
8.932045e+05 -6.699671e+05
1.442088e+06 -1.024578e+06
1.725333e+06 -7.630809e+05
1.299490e+06 -9.935070e+04
6.070948e+05 5.330798e+05
4.015474e+05 7.942858e+05
7.986629e+05 6.609190e+05
1.213369e+06 2.137726e+05
1.193190e+06 -3.032304e+05
9.967324e+05 -6.376806e+05
9.136667e+05 -7.489930e+05
8.711695e+05 -7.248238e+05
6.683044e+05 -7.291449e+05
2.972188e+05 -8.229700e+05
-1.102101e+05 -1.006319e+06
-3.096182e+05 -1.188391e+06
-2.731506e+05 -1.139494e+06
-6.245872e+04 -6.625554e+05
1.260350e+05 1.226170e+05
8.670205e+04 9.008777e+05
-1.559194e+05 1.414612e+06
-4.744369e+05 1.491270e+06
-8.955761e+05 1.164201e+06
-1.362072e+06 7.019137e+05
-1.629827e+06 4.297424e+05
-1.516000e+06 6.159365e+05
-1.171620e+06 1.102634e+06
-9.230490e+05 1.705136e+06
-8.902906e+05 2.135362e+06
-9.281082e+05 2.258453e+06
-8.322849e+05 1.989099e+06
-5.513820e+05 1.400393e+06
-1.143202e+05 7.318499e+05
3.369541e+05 2.221283e+05
4.737821e+05 1.122161e+04
9.220544e+04 -9.012551e+03
-5.258363e+05 1.586398e+05
-1.023903e+06 4.119842e+05
-1.368788e+06 7.071602e+05
-1.712319e+06 8.186442e+05
-1.999752e+06 7.955357e+05
-2.080635e+06 7.629418e+05
-1.967632e+06 6.105342e+05
-1.651535e+06 3.619495e+05
-9.938566e+05 2.200681e+05
-1.222371e+05 3.473349e+05
4.900897e+05 6.465770e+05
4.795114e+05 7.876805e+05
-1.129257e+04 6.170559e+05
-4.571313e+05 3.057315e+05
-5.754485e+05 4.494887e+04
-5.405372e+05 -2.003844e+03
-7.981111e+05 1.688808e+05
-1.311117e+06 3.520200e+05
-1.563526e+06 3.555487e+05
-1.331190e+06 1.194811e+05
-9.384318e+05 -1.485164e+05
-9.065580e+05 -1.569243e+05
-1.288165e+06 1.905957e+05
-1.613026e+06 6.070007e+05
-1.406751e+06 6.998626e+05
-6.996134e+05 5.045869e+05
-7.911176e+04 2.377768e+05
4.600354e+03 1.093969e+05
-4.597022e+05 7.836452e+04
-9.343647e+05 1.064068e+05
-1.053672e+06 2.312942e+05
-7.473641e+05 4.436829e+05
-1.253011e+05 7.447367e+05
5.611008e+05 9.666404e+05
9.812510e+05 8.009329e+05
9.196567e+05 1.140284e+05
5.200334e+05 -6.042590e+05
1.078502e+05 -7.787771e+05
-1.377177e+05 -4.833960e+05
-2.410228e+05 -3.257443e+05
-2.453588e+05 -5.530364e+05
-1.661966e+05 -7.435371e+05
4.602414e+03 -5.740642e+05
2.741629e+05 -1.951177e+05
4.913621e+05 1.484536e+04
4.203284e+05 2.689427e+04
2.654806e+04 4.153008e+04
-4.328581e+05 1.493317e+05
-7.302208e+05 2.232132e+05
-8.187001e+05 1.826594e+05
-5.806711e+05 9.868005e+04
3.102219e+04 1.059487e+05
7.586715e+05 1.903566e+05
1.059544e+06 2.825968e+05
7.140662e+05 2.956998e+05
1.124850e+05 1.382666e+05
-1.308381e+05 -1.500538e+05
1.425935e+05 -3.780928e+05
6.298104e+05 -4.433852e+05
1.006162e+06 -4.850424e+05
1.193640e+06 -5.837609e+05
1.183753e+06 -6.293519e+05
8.938066e+05 -3.865033e+05
4.324754e+05 3.723987e+04
4.295319e+04 3.614875e+05
-1.207599e+05 4.007820e+05
-1.494131e+05 2.762782e+05
-1.038994e+05 1.196129e+05
8.802416e+04 -6.840217e+04
4.227018e+05 -2.745098e+05
6.254133e+05 -3.690206e+05
5.359155e+05 -2.024143e+05
3.487473e+05 4.056049e+04
3.288722e+05 3.299625e+04
5.148367e+05 -2.964721e+05
6.116859e+05 -5.681061e+05
4.493519e+05 -4.488626e+05
1.619556e+05 -6.535725e+04
4.314410e+03 2.493103e+05
2.886327e+04 3.986831e+05
7.369567e+04 5.138862e+05
3.692096e+04 6.286459e+05
-8.535737e+04 5.766868e+05
-2.039155e+05 3.539512e+05
-2.522790e+05 1.447309e+05
-2.052060e+05 6.911475e+04
-9.825448e+04 -6.156490e+04
4.045101e+04 -3.001064e+05
1.739419e+05 -3.497049e+05
2.557715e+05 -1.812648e+04
2.433316e+05 4.684520e+05
2.333265e+05 7.010561e+05
1.833206e+05 6.670696e+05
-8.141364e+04 5.411257e+05
-5.381840e+05 3.646593e+05
-8.114553e+05 3.944288e+04
-7.095664e+05 -3.944352e+05
-4.831842e+05 -6.898026e+05
-4.075457e+05 -7.455612e+05
-4.003624e+05 -5.751331e+05
-2.299289e+05 -2.571476e+05
2.517523e+04 -2.345414e+04
1.209153e+05 -9.769777e+04
9.533291e+04 -4.457589e+05
9.051679e+04 -7.617397e+05
1.170823e+05 -7.230975e+05
1.489719e+05 -4.314591e+05
1.474316e+05 -3.180442e+05
1.282757e+05 -5.112662e+05
8.364212e+04 -7.119965e+05
1.890791e+04 -6.120480e+05
-2.621443e+04 -4.398871e+05
-8.741335e+04 -6.156546e+05
-2.341904e+05 -1.099287e+06
-4.383396e+05 -1.359387e+06
-5.876548e+05 -1.012964e+06
-5.670919e+05 -2.221489e+05
-3.796897e+05 6.032552e+05
-2.254415e+05 1.203420e+06
-2.900123e+05 1.486955e+06
-5.005475e+05 1.382851e+06
-6.537656e+05 9.764161e+05
-5.769511e+05 5.167431e+05
-2.911478e+05 2.242858e+05
3.183680e+04 1.638721e+05
2.467392e+05 2.439418e+05
2.386565e+05 3.064136e+05
5.110715e+04 2.855436e+05
-2.407279e+05 2.152434e+05
-4.624605e+05 1.887643e+05
-5.090606e+05 2.983062e+05
-3.702556e+05 4.402146e+05
-1.708000e+05 4.740092e+05
-7.665106e+04 3.430420e+05
-1.495833e+05 1.263316e+05
-2.421571e+05 -5.922598e+04
-2.016629e+05 -1.816028e+05
1.502615e+04 -2.669580e+05
2.064337e+05 -2.619592e+05
2.032479e+05 -1.049866e+05
2.999957e+04 9.802474e+04
-2.043010e+05 2.055986e+05
-4.631290e+05 1.002373e+05
-7.535529e+05 -6.412554e+04
-1.036949e+06 -8.051405e+04
-1.088346e+06 9.709433e+04
-8.109546e+05 2.813839e+05
-3.108183e+05 2.698154e+05
2.137430e+05 8.717248e+04
5.514328e+05 -1.009500e+05
6.367261e+05 -1.917415e+05
5.587113e+05 -2.224560e+05
4.166755e+05 -2.364620e+05
2.431841e+05 -2.209722e+05
9.932212e+03 -8.002565e+04
-2.141547e+05 1.578280e+05
-3.245552e+05 3.571565e+05
-3.593292e+05 3.477394e+05
-4.329451e+05 1.143250e+05
-4.789223e+05 -1.831875e+05
-3.309873e+05 -3.352838e+05
-1.455018e+04 -3.313938e+05
1.463615e+05 -3.249833e+05
-1.143101e+04 -3.644277e+05
-2.408951e+05 -3.296272e+05
-1.880090e+05 -9.599625e+04
9.613917e+04 1.921532e+05
2.272407e+05 3.189002e+05
-1.315864e+04 2.432455e+05
-4.251323e+05 7.061033e+04
-6.141767e+05 -9.236011e+04
-4.889754e+05 -1.592774e+05
-2.915892e+05 -9.543030e+04
-2.325986e+05 -1.041145e+04
-2.783229e+05 -1.994138e+03
-3.550971e+05 -7.094846e+04
-5.163163e+05 -1.144962e+05
-7.510112e+05 -1.831922e+05
-7.865775e+05 -3.600930e+05
-3.566197e+05 -5.233474e+05
4.439650e+05 -4.148054e+05
1.137636e+06 -2.172717e+03
1.384602e+06 5.164354e+05
1.222932e+06 8.734564e+05
8.680958e+05 8.883593e+05
5.824252e+05 6.011011e+05
5.284899e+05 2.187462e+05
6.089921e+05 -6.226032e+04
6.274490e+05 -1.126825e+05
4.296382e+05 2.577215e+04
1.044959e+05 2.832246e+05
-1.418227e+05 5.209516e+05
-2.172920e+05 6.504564e+05
-1.431353e+05 6.579001e+05
4.697076e+04 5.571237e+05
3.460794e+05 3.032757e+05
6.089893e+05 -5.454792e+04
6.845094e+05 -3.614597e+05
4.291389e+05 -4.123177e+05
-3.697959e+03 -2.293761e+05
-3.036206e+05 8.640362e+03
-2.209173e+05 1.444842e+05
1.421358e+05 1.165700e+05
3.845990e+05 -2.323566e+04
2.402321e+05 -1.417619e+05
-1.973113e+05 -1.578018e+05
-5.308906e+05 -7.304735e+04
-5.044522e+05 1.263841e+05
-1.950032e+05 3.633118e+05
7.795811e+04 4.974465e+05
1.588687e+05 3.528197e+05
2.189807e+05 -4.058905e+04
4.333614e+05 -4.125308e+05
6.690233e+05 -6.453920e+05
5.959966e+05 -7.344591e+05
1.683089e+05 -7.041010e+05
-2.827506e+05 -4.411453e+05
-4.713170e+05 2.560047e+04
-4.437467e+05 3.821540e+05
-4.060955e+05 3.923461e+05
-4.294944e+05 8.994989e+04
-4.611872e+05 -2.427685e+05
-3.912958e+05 -4.163443e+05
-1.861956e+05 -4.574594e+05
9.437903e+04 -4.192588e+05
3.682388e+05 -2.553349e+05
5.591678e+05 1.811445e+04
6.408557e+05 2.656568e+05
5.944064e+05 4.005492e+05
4.519117e+05 4.132572e+05
2.560877e+05 3.937363e+05
7.197137e+04 3.681095e+05
-2.487355e+04 3.267833e+05
1.595347e+04 3.040713e+05
1.111196e+05 3.341097e+05
5.095342e+04 4.233702e+05
-2.435473e+05 4.682675e+05
-6.029525e+05 3.656687e+05
-7.557737e+05 1.448374e+05
-6.585079e+05 -1.229104e+04
-4.229614e+05 4.104562e+04
-2.207375e+05 2.327369e+05
-1.668902e+05 3.668544e+05
-2.326734e+05 3.869757e+05
-2.535956e+05 3.982348e+05
-1.288056e+05 5.404734e+05
-3.170638e+03 8.052886e+05
-5.253914e+04 1.041659e+06
-2.372289e+05 1.123834e+06
-3.575750e+05 1.015446e+06
-3.668454e+05 8.137550e+05
-3.425824e+05 6.074531e+05
-2.963553e+05 5.249215e+05
-1.641432e+05 6.013829e+05
-4.348338e+03 6.713646e+05
4.538238e+04 5.582413e+05
-5.931097e+04 3.659562e+05
-1.324877e+05 3.944404e+05
1.016301e+04 6.763106e+05
3.120817e+05 8.912509e+05
4.768809e+05 8.332711e+05
3.354774e+05 7.008387e+05
-2.250581e+04 6.369961e+05
-4.190450e+05 5.331997e+05
-7.033950e+05 2.497233e+05
-7.620360e+05 -2.575968e+04
-5.446684e+05 2.504513e+04
-1.754542e+05 4.005124e+05
4.842205e+04 7.509121e+05
-4.077166e+03 7.709952e+05
-1.843025e+05 4.795500e+05
-2.990139e+05 1.334792e+05
-3.062241e+05 4.187532e+03
-2.327516e+05 1.645535e+05
-1.630758e+05 4.620828e+05
-1.742349e+05 6.976958e+05
-2.678267e+05 8.048947e+05
-3.219688e+05 8.180598e+05
-2.259192e+05 7.899943e+05
-2.463277e+04 7.260483e+05
9.041822e+04 6.434397e+05
1.911499e+04 6.277764e+05
-1.536024e+05 6.909952e+05
-2.570851e+05 7.013684e+05
-2.044285e+05 5.636642e+05
-3.871005e+04 3.131154e+05
1.703224e+05 5.869658e+04
3.707115e+05 -1.086249e+05
5.423744e+05 -1.394641e+05
6.051556e+05 -5.838317e+04
4.860847e+05 1.290160e+05
2.330359e+05 3.749297e+05
8.831218e+04 5.834790e+05
2.687710e+05 6.707842e+05
6.038049e+05 6.138559e+05
7.611162e+05 5.336942e+05
5.923356e+05 5.316345e+05
2.681777e+05 5.269688e+05
5.590417e+04 3.462998e+05
-2.555156e+04 2.288330e+04
-1.097799e+05 -1.756567e+05
-2.033810e+05 -1.280687e+05
-1.303834e+05 8.806472e+04
1.541927e+05 3.399613e+05
4.550429e+05 5.820940e+05
5.021912e+05 7.780430e+05
3.528262e+05 7.810926e+05
2.068226e+05 4.675284e+05
1.052415e+05 -3.214920e+04
-4.363930e+04 -4.577718e+05
-2.018699e+05 -6.521978e+05
-2.599466e+05 -5.982874e+05
-2.012279e+05 -4.334118e+05
-1.845554e+05 -2.398543e+05
-2.309864e+05 -1.112028e+05
-2.339762e+05 -9.661525e+04
-1.472183e+05 -2.092386e+05
-8.281552e+04 -3.662898e+05
-1.179039e+05 -3.910495e+05
-2.374129e+05 -2.220041e+05
-3.826503e+05 5.022940e+04
-4.608094e+05 2.389700e+05
-4.000931e+05 2.361120e+05
-2.381816e+05 2.742354e+04
-1.123465e+05 -3.130814e+05
-1.576363e+05 -5.849620e+05
-3.136760e+05 -6.356675e+05
-3.723512e+05 -5.738306e+05
-2.551244e+05 -6.034352e+05
-1.111094e+05 -7.190921e+05
-1.722092e+05 -6.613892e+05
-4.063980e+05 -3.159213e+05
-5.662604e+05 1.248576e+05
-5.417607e+05 3.511648e+05
-4.130810e+05 2.990055e+05
-2.556602e+05 1.646384e+05
-5.286899e+04 1.272687e+05
1.967461e+05 1.224927e+05
3.743691e+05 -6.200227e+04
3.612492e+05 -4.388307e+05
2.256520e+05 -6.779148e+05
4.992147e+04 -4.867575e+05
-1.705004e+05 -2.249752e+04
-3.984022e+05 2.857204e+05
-5.438342e+05 2.554671e+05
-4.993345e+05 7.030721e+04
-3.376809e+05 -7.816234e+04
-2.529201e+05 -2.210226e+05
-3.027757e+05 -4.434271e+05
-3.674330e+05 -6.384300e+05
-2.683986e+05 -6.592272e+05
1.869728e+03 -5.485758e+05
2.467447e+05 -4.088698e+05
2.895189e+05 -1.999031e+05
1.955384e+05 1.157116e+05
1.539757e+05 4.210952e+05
2.347218e+05 4.719489e+05
2.532219e+05 2.465128e+05
-1.082235e+04 -5.570287e+04
-4.389172e+05 -2.462907e+05
-6.675432e+05 -2.493706e+05
-5.278255e+05 -1.236410e+05
-2.310673e+05 1.394806e+04
-7.187792e+04 4.785877e+04
-1.111931e+05 5.754268e+03
-1.825522e+05 3.757700e+04
-1.699943e+05 1.916046e+05
-8.364274e+04 2.972011e+05
-1.574308e+04 2.118407e+05
-9.123996e+03 -2.260564e+04
-3.075899e+04 -2.505051e+05
-5.278252e+04 -3.519198e+05
-5.070369e+04 -3.766724e+05
-3.497188e+04 -4.049456e+05
-3.704416e+04 -4.748429e+05
-6.128262e+04 -4.923750e+05
-1.050138e+05 -3.779868e+05
-1.907745e+05 -2.225856e+05
-3.065790e+05 -1.865026e+05
-3.756107e+05 -2.905530e+05
-3.165875e+05 -3.931509e+05
-1.991187e+05 -3.536262e+05
-1.365682e+05 -1.854976e+05
-1.743881e+05 -2.432279e+04
-2.205246e+05 -5.235457e+04
-2.734595e+05 -3.314942e+05
-3.568016e+05 -6.923569e+05
-4.361016e+05 -8.705327e+05
-4.129854e+05 -7.788985e+05
-2.746240e+05 -5.260327e+05
-1.431107e+05 -2.596334e+05
-7.589519e+04 -3.620257e+03
-3.809877e+04 2.522650e+05
2.611626e+04 4.679226e+05
9.448355e+04 5.413152e+05
1.013929e+05 5.134726e+05
6.721249e+04 4.472240e+05
4.381050e+04 3.484096e+05
7.032040e+04 1.677022e+05
2.608720e+04 -8.885814e+03
-1.535348e+05 -4.090250e+04
-3.406243e+05 8.442558e+04
-3.150253e+05 2.164001e+05
-1.649017e+04 2.789169e+05
3.327972e+05 3.315025e+05
4.704697e+05 4.203102e+05
3.619772e+05 5.022766e+05
1.834349e+05 5.252780e+05
7.099167e+04 5.104786e+05
-3.019372e+03 4.428334e+05
-6.971054e+04 2.996023e+05
-1.153564e+05 1.688015e+05
-9.169463e+04 1.723208e+05
-7.109710e+01 3.168123e+05
1.362317e+05 4.577652e+05
3.612632e+05 4.564688e+05
6.276716e+05 3.157555e+05
8.073671e+05 1.676438e+05
7.866632e+05 1.909128e+05
5.691937e+05 3.670177e+05
2.315132e+05 4.788955e+05
-9.038005e+04 3.790435e+05
-2.439889e+05 1.695298e+05
-1.610409e+05 5.261017e+04
-1.296499e+04 7.670728e+03
-2.451134e+04 -7.442553e+04
-1.706125e+05 -1.523145e+05
-2.089485e+05 -1.172096e+05
-6.223276e+04 -6.095911e+04
7.183019e+04 -1.690022e+05
7.403909e+03 -4.014952e+05
-1.743894e+05 -5.377088e+05
-2.598939e+05 -4.189692e+05
-1.834587e+05 -1.356431e+05
-4.487780e+04 8.935521e+04
4.064697e+04 1.216177e+05
7.080990e+04 -1.567109e+04
1.061829e+05 -1.675603e+05
2.361278e+05 -2.469388e+05
4.268991e+05 -3.195379e+05
5.338919e+05 -4.775914e+05
4.523016e+05 -6.045832e+05
2.778195e+05 -5.077070e+05
1.746277e+05 -1.851515e+05
1.863595e+05 1.345152e+05
2.072789e+05 2.293763e+05
2.003584e+05 1.026877e+05
2.196869e+05 -8.804930e+04
2.885091e+05 -1.460554e+05
2.820623e+05 -6.410763e+04
1.570659e+05 5.200622e+04
-3.320969e+04 1.046880e+05
-1.638062e+05 1.046517e+05
-1.757793e+05 1.058493e+05
-1.268586e+05 1.223784e+05
-1.123573e+05 1.648318e+05
-1.597716e+05 2.995511e+05
-1.720458e+05 5.179428e+05
-4.475784e+04 6.945873e+05
1.402571e+05 7.186058e+05
1.938773e+05 5.979388e+05
1.670529e+04 4.153900e+05
-2.112645e+05 2.420197e+05
-2.689362e+05 1.582162e+05
-1.451476e+05 2.884179e+05
-5.061767e+04 5.992900e+05
-7.750131e+04 8.320864e+05
-1.091717e+05 7.684674e+05
2.194390e+04 4.734045e+05
2.777019e+05 1.993961e+05
4.853007e+05 1.082699e+05
5.490593e+05 1.797927e+05
4.902550e+05 3.643181e+05
3.537503e+05 5.568262e+05
1.779810e+05 6.196460e+05
-4.109461e+04 5.175433e+05
-2.591642e+05 3.441937e+05
-3.882165e+05 1.930260e+05
-2.854666e+05 1.670021e+04
-2.840683e+04 -2.298294e+05
1.456357e+05 -4.167060e+05
4.450230e+04 -4.051770e+05
-2.337830e+05 -2.424472e+05
-4.542098e+05 -1.028530e+05
-4.607420e+05 -6.681939e+04
-2.894720e+05 -4.015405e+04
-4.695168e+04 2.209735e+04
1.448404e+05 7.357203e+04
1.992575e+05 6.682054e+04
1.305823e+05 1.204625e+05
8.518143e+04 3.415074e+05
9.145366e+04 6.182267e+05
8.486185e+04 6.962915e+05
3.811805e+04 4.616674e+05
-1.117195e+04 6.753851e+04
1.127269e+04 -2.267117e+05
7.355097e+04 -3.118070e+05
1.179922e+05 -2.578847e+05
9.453618e+04 -2.037593e+05
-7.482535e+03 -2.553946e+05
-1.377788e+05 -3.981528e+05
-2.001618e+05 -4.896951e+05
-1.428889e+05 -4.033307e+05
-1.363641e+04 -1.790838e+05
8.119347e+04 8.796924e+04
1.046066e+05 2.413201e+05
1.415534e+05 2.499462e+05
2.566135e+05 1.692917e+05
3.977280e+05 1.333102e+05
4.440496e+05 2.335803e+05
3.466684e+05 4.136905e+05
1.593634e+05 4.990306e+05
-3.612165e+04 3.949301e+05
-2.259371e+05 2.058791e+05
-3.937792e+05 1.007221e+05
-4.848663e+05 1.561017e+05
-4.610560e+05 2.987680e+05
-3.346555e+05 3.908586e+05
-1.996712e+05 4.224536e+05
-1.359455e+05 3.844444e+05
-7.724292e+04 2.876530e+05
8.752992e+04 1.279881e+05
3.347015e+05 -1.431529e+04
5.113514e+05 -7.211223e+04
5.091204e+05 3.021886e+03
4.139720e+05 1.183966e+05
3.609827e+05 1.675388e+05
3.134809e+05 1.461761e+05
1.909605e+05 1.210186e+05
5.353934e+04 1.222272e+05
-9.628947e+03 9.360982e+04
2.127897e+03 -3.176069e+04
-1.177628e+04 -2.246707e+05
-1.042078e+05 -3.297142e+05
-2.086478e+05 -2.623409e+05
-2.231680e+05 -1.299943e+05
-1.062835e+05 -6.844493e+04
2.984898e+04 -9.296119e+04
3.848029e+04 -9.545156e+04
-9.817106e+04 -3.878011e+04
-2.332342e+05 3.656716e+03
-2.541937e+05 -1.532343e+04
-1.845751e+05 -2.533948e+04
-1.237689e+05 4.059022e+04
-1.397497e+05 1.620925e+05
-2.409701e+05 2.444314e+05
-3.804419e+05 2.083647e+05
-4.814559e+05 6.355439e+04
-4.749150e+05 -7.292968e+04
-3.397010e+05 -8.249371e+04
-1.198222e+05 3.218666e+04
8.061994e+04 1.199347e+05
1.539809e+05 1.110716e+05
1.199432e+05 1.042024e+05
1.113572e+05 1.976020e+05
1.716759e+05 3.310649e+05
2.155905e+05 4.039588e+05
1.475265e+05 4.193305e+05
2.091917e+04 4.187635e+05
-7.557485e+04 3.439519e+05
-1.018962e+05 1.625446e+05
-6.763677e+04 -4.330949e+04
1.377594e+03 -1.761855e+05
8.339258e+04 -2.519504e+05
1.451153e+05 -2.683571e+05
1.477694e+05 -1.794180e+05
8.870883e+04 -2.658759e+04
1.669723e+04 7.079507e+04
2.002926e+04 5.482187e+04
1.513821e+05 -2.382013e+04
3.225716e+05 -1.174051e+05
3.786466e+05 -2.468369e+05
2.599554e+05 -3.855984e+05
9.063122e+04 -4.324015e+05
8.331008e+03 -2.861210e+05
-7.416719e+03 -1.329536e+04
-4.493769e+04 1.743308e+05
-1.292119e+05 1.476745e+05
-2.101257e+05 3.881140e+04
-2.548598e+05 7.984719e+04
-2.187677e+05 3.069471e+05
-6.695455e+04 5.140435e+05
1.239443e+05 5.360361e+05
1.924386e+05 4.026873e+05
6.786829e+04 2.349179e+05
-1.155102e+05 1.408591e+05
-1.932386e+05 1.381810e+05
-1.817572e+05 1.513829e+05
-2.027582e+05 5.625031e+04
-2.813112e+05 -1.923820e+05
-3.032504e+05 -4.186258e+05
-1.786169e+05 -4.416934e+05
1.717584e+04 -2.642596e+05
1.477756e+05 -1.030666e+05
1.528293e+05 -1.186442e+05
1.216252e+05 -2.667080e+05
1.579128e+05 -3.391633e+05
2.163393e+05 -2.141578e+05
1.758026e+05 1.855384e+04
1.701712e+04 1.620335e+05
-1.198295e+05 1.389639e+05
-9.362582e+04 4.110381e+03
7.599235e+04 -1.927624e+05
2.192027e+05 -4.035493e+05
2.017189e+05 -5.360771e+05
7.094262e+04 -4.765200e+05
-5.153945e+04 -2.481293e+05
-1.410829e+05 -7.704227e+03
-2.482162e+05 1.165862e+05
-3.707582e+05 1.270225e+05
-3.611778e+05 1.303324e+05
-1.545202e+05 1.722210e+05
1.105020e+05 2.081156e+05
1.918486e+05 1.603956e+05
2.711902e+04 5.424755e+04
-1.837814e+05 -6.048965e+03
-2.174033e+05 1.956943e+04
-1.001187e+05 7.075628e+04
-5.151406e+04 8.119649e+04
-1.994932e+05 1.152764e+05
-3.981731e+05 2.466998e+05
-4.200021e+05 4.233052e+05
-2.405536e+05 4.662507e+05
-4.160749e+03 2.937838e+05
1.808387e+05 4.460172e+04
2.777036e+05 -1.137726e+05
2.613388e+05 -1.569545e+05
1.247564e+05 -1.727981e+05
-2.302746e+04 -2.287359e+05
-4.757992e+04 -3.299443e+05
5.232440e+04 -4.539193e+05
1.379049e+05 -5.192008e+05
1.040954e+05 -4.425575e+05
1.780914e+04 -2.392428e+05
-6.035976e+04 -4.716301e+04
-1.311906e+05 3.802141e+04
-2.179264e+05 6.484007e+04
-2.669903e+05 1.116765e+05
-1.874684e+05 1.324493e+05
8.724011e+02 3.585095e+04
1.405314e+05 -1.492964e+05
4.953020e+04 -2.865951e+05
-2.592130e+05 -2.780490e+05
-5.731553e+05 -1.510857e+05
-6.476536e+05 2.563147e+04
-4.964080e+05 2.057294e+05
-3.178644e+05 3.107849e+05
-2.676398e+05 2.738716e+05
-3.426296e+05 1.325818e+05
-4.716034e+05 2.969790e+04
-5.677669e+05 -1.919669e+04
-5.711298e+05 -7.229052e+04
-4.568858e+05 -1.343051e+05
-2.457945e+05 -1.587580e+05
5.031773e+03 -1.556888e+05
1.814712e+05 -1.844338e+05
2.001370e+05 -2.295855e+05
9.726994e+04 -1.979570e+05
1.290410e+04 -8.939583e+04
-3.900493e+04 4.996552e+03
-1.481745e+05 2.803769e+04
-3.074191e+05 4.572549e+04
-3.095157e+05 1.498010e+05
-9.728503e+04 3.345577e+05
9.247321e+04 5.049396e+05
1.377177e+04 5.314305e+05
-2.756607e+05 3.741061e+05
-4.776215e+05 1.318969e+05
-4.077283e+05 -2.515312e+04
-1.956425e+05 -4.232477e+04
-3.782437e+04 4.084501e+04
6.356344e+04 1.599326e+05
2.022620e+05 2.481669e+05
3.786330e+05 2.332011e+05
4.630785e+05 1.383302e+05
4.255202e+05 1.171793e+05
4.021089e+05 2.334249e+05
4.832961e+05 3.762796e+05
5.322058e+05 4.349768e+05
3.348339e+05 4.462560e+05
-1.277774e+05 4.331818e+05
-5.770298e+05 3.371685e+05
-6.850984e+05 1.119706e+05
-4.239994e+05 -1.703115e+05
-9.970986e+04 -3.998633e+05
6.440554e+04 -5.315522e+05
1.303775e+05 -5.085017e+05
2.321562e+05 -2.842020e+05
3.678860e+05 -4.927087e+04
4.900278e+05 -5.325218e+04
5.911516e+05 -2.451491e+05
5.950555e+05 -2.916871e+05
4.424485e+05 -3.586667e+04
2.912435e+05 3.159419e+05
3.104380e+05 4.532023e+05
4.231551e+05 3.211136e+05
3.857303e+05 9.061789e+04
9.878735e+04 -7.965068e+04
-2.808630e+05 -1.357380e+05
-5.704482e+05 -1.657676e+05
-7.105095e+05 -2.522584e+05
-6.654717e+05 -3.610005e+05
-4.337852e+05 -3.950037e+05
-7.099864e+04 -3.612110e+05
2.760222e+05 -3.378983e+05
6.012501e+05 -2.351379e+05
9.322719e+05 1.201108e+05
1.233553e+06 5.963085e+05
1.342650e+06 8.298448e+05
1.206046e+06 6.754893e+05
9.574180e+05 4.282187e+05
7.443308e+05 4.286115e+05
6.159373e+05 6.643120e+05
5.941011e+05 8.668550e+05
7.223495e+05 8.483750e+05
9.194787e+05 6.219440e+05
9.147427e+05 3.000024e+05
5.573552e+05 -1.654891e+04
2.637357e+04 -3.560708e+05
-3.248965e+05 -7.101464e+05
-3.476094e+05 -9.585095e+05
-1.033962e+05 -9.418517e+05
2.933208e+05 -6.842034e+05
7.663022e+05 -4.426355e+05
1.146175e+06 -4.199056e+05
1.239429e+06 -5.687220e+05
9.731381e+05 -6.942790e+05
4.668904e+05 -6.333406e+05
6.397674e+04 -3.586411e+05
1.049008e+05 1.449069e+04
5.113823e+05 2.582300e+05
7.871605e+05 2.465835e+05
6.375996e+05 3.589387e+04
3.650672e+05 -2.234856e+05
3.644306e+05 -4.511958e+05
5.624609e+05 -6.505652e+05
5.767596e+05 -7.862420e+05
3.013413e+05 -7.901611e+05
5.381954e+03 -6.782300e+05
-8.214273e+04 -5.447092e+05
-3.674335e+04 -4.557903e+05
-9.280311e+04 -3.951381e+05
-3.245229e+05 -3.452857e+05
-4.410663e+05 -2.616763e+05
-1.596822e+05 -1.301505e+05
3.361046e+05 -6.371994e+04
5.970304e+05 -2.102406e+05
5.106392e+05 -4.829270e+05
3.965448e+05 -6.315631e+05
4.774734e+05 -5.405403e+05
5.690590e+05 -3.353047e+05
4.278008e+05 -1.578303e+05
5.756420e+04 -6.788081e+04
-3.372916e+05 -5.705142e+04
-6.012295e+05 -5.506437e+04
-7.167744e+05 5.834070e+04
-7.697099e+05 2.310011e+05
-8.436922e+05 2.467006e+05
-9.942166e+05 -1.602206e+03
-1.220344e+06 -3.088001e+05
-1.485211e+06 -4.444987e+05
-1.574107e+06 -4.527422e+05
-1.193898e+06 -4.808590e+05
-3.167034e+05 -4.750571e+05
5.552062e+05 -2.663822e+05
8.314537e+05 1.587838e+05
4.593470e+05 6.166117e+05
-4.856779e+04 8.891037e+05
-2.604965e+05 8.806660e+05
-1.708006e+05 5.953049e+05
-4.184444e+04 1.378417e+05
-5.391876e+04 -3.149010e+05
-2.710236e+05 -6.434098e+05
-7.159885e+05 -8.232724e+05
-1.265179e+06 -8.940869e+05
-1.644967e+06 -8.301834e+05
-1.584959e+06 -5.166641e+05
-1.071627e+06 1.580105e+04
-3.783359e+05 3.950333e+05
1.495825e+05 2.773828e+05
3.562689e+05 -1.574699e+05
3.940340e+05 -3.093479e+05
4.861957e+05 4.441955e+04
6.185380e+05 4.299243e+05
5.480832e+05 3.146264e+05
1.943152e+05 -1.729114e+05
-1.308654e+05 -5.153819e+05
-1.215930e+05 -5.015729e+05
2.030240e+05 -3.790321e+05
5.896891e+05 -4.092667e+05
8.867999e+05 -6.091136e+05
9.804195e+05 -7.971434e+05
7.196746e+05 -8.458335e+05
1.205597e+05 -8.351722e+05
-5.048395e+05 -9.005645e+05
-9.190618e+05 -1.027019e+06
-1.095984e+06 -9.504270e+05
-9.585841e+05 -5.532407e+05
-3.072774e+05 -6.144667e+04
7.149054e+05 1.995757e+05
1.544600e+06 2.275653e+05
1.763992e+06 3.126262e+05
1.402312e+06 5.338432e+05
7.243906e+05 5.652616e+05
4.181948e+04 9.465596e+04
-3.590161e+05 -6.056727e+05
-3.875325e+05 -8.806490e+05
-2.124972e+05 -5.351227e+05
-6.080381e+04 -6.784936e+04
3.014319e+04 8.966108e+04
1.566632e+05 1.899386e+05
3.940129e+05 7.588906e+05
7.673055e+05 1.711968e+06
1.219849e+06 2.359004e+06
1.522648e+06 2.136500e+06
1.521271e+06 1.096570e+06
1.312909e+06 -8.835806e+04
1.112016e+06 -6.510136e+05
1.040752e+06 -3.753136e+05
1.031862e+06 6.845964e+04
9.645342e+05 -1.465429e+05
8.539457e+05 -1.034814e+06
8.727217e+05 -1.764789e+06
1.256856e+06 -1.686643e+06
1.988290e+06 -1.030228e+06
2.594765e+06 -3.784699e+05
2.499921e+06 1.295135e+05
1.572527e+06 7.191274e+05
4.708198e+05 1.265774e+06
1.233131e+05 1.229077e+06
7.294177e+05 3.382454e+05
1.551679e+06 -8.934392e+05
1.934806e+06 -1.574295e+06
1.959815e+06 -1.245652e+06
1.869413e+06 -1.590011e+05
1.416444e+06 1.040221e+06
4.923523e+05 1.761778e+06
-2.679860e+05 1.788971e+06
-1.657583e+05 1.372711e+06
6.074773e+05 1.031256e+06
1.285077e+06 1.127952e+06
1.501017e+06 1.556807e+06
1.444599e+06 1.866860e+06
1.343717e+06 1.863242e+06
1.218102e+06 1.686849e+06
1.086056e+06 1.345395e+06
1.009940e+06 6.550554e+05
1.079736e+06 -1.109796e+05
1.314787e+06 -1.025421e+05
2.789547e+06 9.874916e+05
9.720122e+06 5.071093e+06
2.338408e+07 1.868240e+07
3.477409e+07 3.740346e+07
3.321752e+07 4.554749e+07
2.151679e+07 3.442183e+07
1.523280e+07 1.883974e+07
2.267196e+07 2.000304e+07
3.392818e+07 3.608910e+07
3.438743e+07 4.552266e+07
2.050535e+07 3.566606e+07
-1.252173e+06 1.233376e+07
-2.206314e+07 -1.392226e+07
-3.378742e+07 -3.503142e+07
-3.148306e+07 -4.302700e+07
-1.695855e+07 -3.343914e+07
3.020995e+06 -1.068716e+07
2.161750e+07 1.605272e+07
3.282799e+07 3.758986e+07
3.192470e+07 4.559990e+07
1.888120e+07 3.633090e+07
-1.267698e+06 1.427738e+07
-2.142964e+07 -1.215056e+07
-3.361504e+07 -3.457156e+07
-3.182302e+07 -4.320716e+07
-2.041724e+07 -3.348430e+07
-1.436139e+07 -1.803609e+07
-2.235731e+07 -1.751063e+07
-3.408789e+07 -3.293570e+07
-3.369766e+07 -4.193209e+07
-2.227016e+07 -3.061622e+07
-1.605860e+07 -1.438747e+07
-2.332036e+07 -1.538622e+07
-3.375473e+07 -3.148937e+07
-3.296766e+07 -4.154782e+07
-1.801168e+07 -3.318192e+07
4.210749e+06 -1.105577e+07
2.525784e+07 1.535372e+07
3.760618e+07 3.736471e+07
3.611727e+07 4.524499e+07
2.182995e+07 3.440995e+07
1.004172e+06 1.076652e+07
-1.940985e+07 -1.642445e+07
-3.186763e+07 -3.882842e+07
-3.029735e+07 -4.594186e+07
-1.916414e+07 -3.329637e+07
-1.369327e+07 -1.646901e+07
-2.207932e+07 -1.790220e+07
-3.387819e+07 -3.648017e+07
-3.364473e+07 -4.849797e+07
-1.852974e+07 -3.902532e+07
3.592904e+06 -1.401907e+07
2.419211e+07 1.518332e+07
3.621941e+07 3.991284e+07
3.469215e+07 5.019032e+07
2.073861e+07 3.996452e+07
6.112525e+05 1.465121e+07
-1.929885e+07 -1.484214e+07
-3.240967e+07 -3.873003e+07
-3.259558e+07 -4.675028e+07
-2.280560e+07 -3.476579e+07
-1.701847e+07 -1.687131e+07
-2.418803e+07 -1.448342e+07
-3.508420e+07 -2.837936e+07
-3.446860e+07 -3.679459e+07
-2.284408e+07 -2.662590e+07
-1.588856e+07 -1.210682e+07
-2.233421e+07 -1.410645e+07
-3.165953e+07 -3.068055e+07
-2.890327e+07 -3.981951e+07
-1.602803e+07 -2.989785e+07
-9.630971e+06 -1.548237e+07
-1.809251e+07 -1.641181e+07
-3.056912e+07 -3.027829e+07
-3.162162e+07 -3.748957e+07
-1.783898e+07 -2.752438e+07
3.677274e+06 -6.523915e+06
2.424349e+07 1.630737e+07
3.619248e+07 3.483982e+07
3.445292e+07 4.208578e+07
2.035609e+07 3.377016e+07
1.141020e+05 1.398408e+07
-1.967612e+07 -9.729290e+06
-3.167021e+07 -3.044090e+07
-2.973428e+07 -3.883340e+07
-1.855509e+07 -3.000453e+07
-1.341842e+07 -1.606188e+07
-2.198970e+07 -1.577925e+07
-3.366665e+07 -2.898152e+07
-3.368036e+07 -3.691790e+07
-1.934086e+07 -2.791725e+07
2.409333e+06 -7.190546e+06
2.359033e+07 1.591499e+07
3.652552e+07 3.481896e+07
3.536752e+07 4.259569e+07
2.090258e+07 3.478244e+07
-1.256536e+05 1.441558e+07
-2.002017e+07 -1.056966e+07
-3.194563e+07 -3.110595e+07
-3.111665e+07 -3.855439e+07
-1.821587e+07 -2.934155e+07
1.124516e+06 -7.683628e+06
2.040971e+07 1.911260e+07
3.275551e+07 4.275938e+07
3.225553e+07 5.169090e+07
2.208433e+07 4.015754e+07
1.629792e+07 2.233877e+07
2.410931e+07 2.116975e+07
3.596812e+07 3.751864e+07
3.555282e+07 4.672141e+07
2.301898e+07 3.385340e+07
1.511842e+07 1.633738e+07
2.170019e+07 1.878323e+07
3.308972e+07 3.825445e+07
3.397904e+07 5.016282e+07
2.047800e+07 4.041750e+07
-6.334174e+05 1.553731e+07
-2.115034e+07 -1.314782e+07
-3.341901e+07 -3.718929e+07
-3.198523e+07 -4.619679e+07
-2.134864e+07 -3.503001e+07
-1.601407e+07 -1.766635e+07
-2.401577e+07 -1.627542e+07
-3.488637e+07 -3.203884e+07
-3.335463e+07 -4.242787e+07
-2.135151e+07 -3.318017e+07
-1.552428e+07 -1.803344e+07
-2.384719e+07 -1.750364e+07
-3.541218e+07 -3.009541e+07
-3.528578e+07 -3.738850e+07
-2.028600e+07 -2.887031e+07
2.448839e+06 -8.932574e+06
2.372374e+07 1.429325e+07
3.544952e+07 3.349030e+07
3.301366e+07 4.011063e+07
1.839438e+07 2.997088e+07
-1.937865e+06 8.440801e+06
-2.141481e+07 -1.581387e+07
-3.296312e+07 -3.581609e+07
-3.068250e+07 -4.303095e+07
-1.890380e+07 -3.306860e+07
-1.293145e+07 -1.847137e+07
-2.162106e+07 -1.972889e+07
-3.451280e+07 -3.746117e+07
-3.504863e+07 -4.855932e+07
-2.311243e+07 -3.812118e+07
-1.512593e+07 -2.119133e+07
-2.150114e+07 -2.174653e+07
-3.273877e+07 -3.879670e+07
-3.279761e+07 -4.777972e+07
-2.134592e+07 -3.534685e+07
-1.399272e+07 -1.872743e+07
-2.061989e+07 -2.120415e+07
-3.228304e+07 -3.940155e+07
-3.373563e+07 -4.941088e+07
-2.052063e+07 -3.838342e+07
9.516891e+05 -1.337873e+07
2.180799e+07 1.476287e+07
3.396696e+07 3.832014e+07
3.212334e+07 4.797014e+07
1.758844e+07 3.785230e+07
-3.143573e+06 1.375068e+07
-2.281412e+07 -1.331525e+07
-3.382527e+07 -3.480463e+07
-3.036924e+07 -4.235484e+07
-1.778187e+07 -3.246273e+07
-1.196130e+07 -1.805979e+07
-2.093034e+07 -1.803403e+07
-3.396070e+07 -3.182000e+07
-3.540319e+07 -4.009956e+07
-2.176598e+07 -3.098196e+07
-1.836737e+05 -9.826006e+06
2.054540e+07 1.395493e+07
3.267842e+07 3.352449e+07
3.113071e+07 4.133531e+07
1.704881e+07 3.295344e+07
-3.350169e+06 1.245627e+07
-2.287826e+07 -1.141230e+07
-3.473770e+07 -3.030517e+07
-3.408746e+07 -3.706290e+07
-2.148259e+07 -2.871434e+07
-1.872634e+06 -8.835869e+06
1.873931e+07 1.644346e+07
3.287294e+07 3.972953e+07
3.322917e+07 4.933275e+07
2.237921e+07 3.854282e+07
1.520002e+07 2.071670e+07
2.212036e+07 1.898761e+07
3.411626e+07 3.520205e+07
3.462055e+07 4.522498e+07
2.328464e+07 3.356036e+07
1.619483e+07 1.672509e+07
2.276550e+07 1.897663e+07
3.331525e+07 3.789061e+07
3.296587e+07 4.952681e+07
1.848040e+07 3.952254e+07
-2.950215e+06 1.340027e+07
-2.282757e+07 -1.704210e+07
-3.423383e+07 -4.156551e+07
-3.268462e+07 -5.020316e+07
-1.931348e+07 -3.874625e+07
8.193498e+04 -1.357087e+07
1.932875e+07 1.537292e+07
3.174899e+07 3.937558e+07
3.130067e+07 4.745389e+07
2.130595e+07 3.484341e+07
1.602609e+07 1.747950e+07
2.398654e+07 1.867843e+07
3.566489e+07 3.758374e+07
3.570447e+07 4.999523e+07
2.059461e+07 4.029796e+07
-2.021449e+06 1.450647e+07
-2.313599e+07 -1.543332e+07
-3.531377e+07 -4.046874e+07
-3.368241e+07 -5.068224e+07
-1.940900e+07 -4.006998e+07
1.386757e+06 -1.404008e+07
2.183652e+07 1.631943e+07
3.450518e+07 4.086510e+07
3.312017e+07 4.909841e+07
2.179435e+07 3.698400e+07
1.574970e+07 1.882565e+07
2.370067e+07 1.619066e+07
3.508019e+07 2.984458e+07
3.418114e+07 3.814268e+07
2.215204e+07 2.792369e+07
1.548197e+07 1.302802e+07
2.322435e+07 1.436833e+07
3.475668e+07 3.078391e+07
3.451040e+07 4.096909e+07
2.307717e+07 3.230378e+07
1.633594e+07 1.785060e+07
2.337903e+07 1.743617e+07
3.499197e+07 3.025814e+07
3.638516e+07 3.790177e+07
2.351717e+07 2.939718e+07
2.260395e+06 9.554356e+06
-1.929971e+07 -1.363425e+07
-3.243366e+07 -3.418129e+07
-3.061120e+07 -4.246125e+07
-1.861612e+07 -3.265893e+07
-1.217729e+07 -1.750347e+07
-2.047072e+07 -1.822210e+07
-3.331110e+07 -3.531655e+07
-3.423459e+07 -4.496725e+07
-2.304680e+07 -3.267966e+07
-1.563024e+07 -1.537218e+07
-2.152163e+07 -1.718770e+07
-3.182670e+07 -3.565596e+07
-3.197090e+07 -4.719999e+07
-1.793542e+07 -3.786455e+07
3.975713e+06 -1.282366e+07
2.503416e+07 1.690128e+07
3.755372e+07 4.139057e+07
3.647439e+07 5.069573e+07
2.256103e+07 4.016746e+07
1.697448e+06 1.511365e+07
-1.857592e+07 -1.445403e+07
-3.084826e+07 -3.882379e+07
-2.973364e+07 -4.831861e+07
-1.566944e+07 -3.810790e+07
5.007120e+06 -1.385144e+07
2.454014e+07 1.326956e+07
3.565673e+07 3.395723e+07
3.371578e+07 4.042066e+07
2.322959e+07 3.035807e+07
1.800991e+07 1.617663e+07
2.583946e+07 1.672861e+07
3.648772e+07 3.243310e+07
3.476814e+07 4.192748e+07
2.230564e+07 3.193553e+07
1.565172e+07 1.695429e+07
2.298310e+07 1.786309e+07
3.369486e+07 3.264967e+07
3.317026e+07 4.127166e+07
1.860848e+07 3.258141e+07
-2.832093e+06 1.216554e+07
-2.292903e+07 -1.105481e+07
-3.418064e+07 -3.057897e+07
-3.148941e+07 -3.765757e+07
-1.999084e+07 -2.781831e+07
-1.435257e+07 -1.354859e+07
-2.231856e+07 -1.446734e+07
-3.328697e+07 -3.061277e+07
-3.186760e+07 -4.041015e+07
-1.960418e+07 -3.066417e+07
-1.319218e+07 -1.561616e+07
-2.118063e+07 -1.576014e+07
-3.312522e+07 -2.913569e+07
-3.396014e+07 -3.670095e+07
-2.009846e+07 -2.779047e+07
1.573424e+06 -7.522081e+06
2.236130e+07 1.543484e+07
3.471361e+07 3.406747e+07
3.356152e+07 4.048649e+07
1.982662e+07 3.072568e+07
-6.844219e+05 9.846757e+06
-2.097409e+07 -1.376605e+07
-3.310940e+07 -3.331530e+07
-3.088227e+07 -4.051296e+07
-1.877685e+07 -3.103740e+07
-1.241059e+07 -1.720110e+07
-2.078156e+07 -1.927294e+07
-3.341912e+07 -3.753988e+07
-3.371281e+07 -4.865572e+07
-2.167757e+07 -3.772000e+07
-1.376529e+07 -2.001970e+07
-2.041576e+07 -2.006006e+07
-3.212325e+07 -3.719778e+07
-3.283643e+07 -4.665103e+07
-2.197372e+07 -3.452007e+07
-1.494538e+07 -1.760733e+07
-2.159702e+07 -1.942346e+07
-3.311157e+07 -3.718447e+07
-3.436789e+07 -4.734091e+07
-2.113113e+07 -3.660439e+07
1.932084e+05 -1.161170e+07
2.122492e+07 1.705366e+07
3.392440e+07 4.154458e+07
3.250219e+07 5.141306e+07
1.957358e+07 4.057168e+07
4.697019e+06 1.917414e+07
-1.170002e+06 1.337398e+06
6.734226e+05 2.151405e+06
1.624622e+06 1.910232e+06
1.862153e+06 7.008841e+05
9.601767e+05 -6.293619e+04
-4.732075e+05 1.374127e+06
-1.339706e+06 4.093832e+06
-1.662565e+06 5.840191e+06
-1.581617e+06 5.371229e+06
-1.331006e+06 2.969396e+06
-1.153588e+06 -4.594588e+05
-9.957707e+05 -3.424517e+06
-1.429278e+06 -4.110859e+06
-2.241312e+06 -3.141239e+06
-2.758446e+06 -9.104105e+05
-2.727698e+06 1.170282e+06
-2.055235e+06 3.347351e+06
-1.400038e+06 4.456840e+06
-1.552111e+06 3.990635e+06
-2.111568e+06 2.543704e+06
-2.315958e+06 2.308064e+06
-1.736574e+06 3.957479e+06
-1.058063e+06 5.375724e+06
-8.410775e+05 4.637676e+06
-9.225464e+05 2.558826e+06
-7.311367e+05 1.501958e+06
-1.323373e+05 1.889093e+06
4.798941e+05 2.005084e+06
6.804862e+05 8.233983e+05
4.372582e+05 -2.104836e+05
1.602290e+05 6.321247e+05
2.878705e+04 2.894021e+06
-3.758164e+04 4.113805e+06
-3.357615e+05 3.379217e+06
-7.575636e+05 1.257066e+06
-1.092148e+06 -1.130411e+06
-1.328930e+06 -3.101215e+06
-1.439295e+06 -4.081815e+06
-1.317485e+06 -3.769547e+06
-9.396175e+05 -2.566791e+06
-4.207381e+05 -1.337400e+06
-2.690270e+05 -1.248877e+06
-2.529633e+05 -1.160856e+06
-4.471542e+05 -1.015620e+06
-8.439297e+05 -8.763693e+05
-1.194374e+06 -8.195364e+05
-1.306294e+06 -9.124188e+05
-1.167397e+06 -1.055393e+06
-9.487761e+05 -1.125751e+06
-8.166800e+05 -1.177289e+06
-7.484650e+05 -1.328881e+06
-6.438759e+05 -1.479079e+06
-4.396980e+05 -1.458540e+06
-2.516832e+05 -1.270690e+06
-2.532568e+05 -9.943767e+05
-4.286538e+05 -7.066959e+05
-5.728397e+05 -4.709924e+05
-5.974096e+05 -3.033910e+05
-5.844773e+05 -2.019547e+05
-6.344668e+05 -1.927555e+05
-7.300708e+05 -4.558605e+05
-7.975081e+05 -1.061914e+06
-8.571619e+05 -1.727758e+06
-9.368398e+05 -2.057950e+06
-9.890004e+05 -1.923415e+06
-9.348359e+05 -1.565830e+06
-8.759918e+05 -1.262134e+06
-8.851033e+05 -1.142691e+06
-9.934760e+05 -1.077838e+06
-1.111693e+06 -9.472421e+05
-1.170115e+06 -6.737405e+05
-1.138754e+06 -3.219223e+05
-9.782153e+05 -4.336269e+04
-7.221175e+05 -8.888170e+04
-5.192326e+05 -5.620342e+05
-4.838733e+05 -1.250339e+06
-5.476100e+05 -1.652660e+06
-5.691032e+05 -1.596461e+06
-5.716628e+05 -1.313593e+06
-7.182365e+05 -1.115029e+06
-1.069254e+06 -9.917547e+05
-1.357801e+06 -8.991476e+05
-1.303412e+06 -8.364197e+05
-8.950657e+05 -7.574090e+05
-3.930454e+05 -6.234528e+05
-5.902163e+04 -5.493212e+05
-1.644213e+04 -7.473334e+05
-2.088889e+05 -1.110770e+06
-4.709819e+05 -1.272386e+06
-7.149036e+05 -1.032961e+06
-9.494756e+05 -5.622209e+05
-1.165104e+06 -1.895530e+05
-1.277699e+06 -1.581019e+05
-1.236365e+06 -5.463608e+05
-1.146365e+06 -1.095381e+06
-1.128843e+06 -1.370389e+06
-1.118235e+06 -1.084294e+06
-1.009757e+06 -4.898907e+05
-8.574214e+05 -4.358940e+04
-8.064159e+05 2.444944e+04
-8.461951e+05 -1.795458e+05
-9.176388e+05 -4.623207e+05
-1.029238e+06 -6.914093e+05
-1.193158e+06 -7.428955e+05
-1.377130e+06 -6.041170e+05
-1.427112e+06 -4.631349e+05
-1.265904e+06 -4.853062e+05
-9.146463e+05 -5.705107e+05
-5.972883e+05 -5.057604e+05
-5.578144e+05 -3.086559e+05
-7.777291e+05 -1.779044e+05
-1.005610e+06 -2.198761e+05
-1.154123e+06 -3.058105e+05
-1.392468e+06 -3.021216e+05
-1.804289e+06 -2.131407e+05
-2.144508e+06 -1.287550e+05
-2.207757e+06 -1.588979e+05
-2.098879e+06 -3.279962e+05
-1.954956e+06 -5.166341e+05
-1.762040e+06 -4.983012e+05
-1.457083e+06 -2.154995e+05
-1.076773e+06 9.511380e+04
-8.318514e+05 1.326413e+05
-8.452947e+05 -9.865207e+04
-1.039129e+06 -3.779344e+05
-1.133219e+06 -4.882513e+05
-9.186859e+05 -4.001350e+05
-5.410928e+05 -2.034922e+05
-2.941752e+05 -2.216181e+04
-2.334912e+05 9.040397e+04
-1.311026e+05 1.218846e+05
1.333545e+05 9.080550e+04
3.203170e+05 3.769120e+04
1.283826e+05 1.400257e+04
-4.237073e+05 -1.393261e+04
-9.635804e+05 -1.212307e+05
-1.165432e+06 -2.690641e+05
-1.059306e+06 -2.675302e+05
-8.672084e+05 1.259817e+04
-7.342789e+05 4.439456e+05
-6.575780e+05 6.901019e+05
-6.468882e+05 5.610113e+05
-6.509362e+05 1.756824e+05
-5.025456e+05 -1.750865e+05
-1.964519e+05 -3.086032e+05
-5.059326e+03 -2.007071e+05
-1.701245e+05 6.798596e+04
-7.688351e+05 6.962713e+05
-2.489699e+06 2.425686e+06
-5.996922e+06 4.760233e+06
-9.522801e+06 5.966715e+06
-1.000834e+07 5.046420e+06
-7.122939e+06 3.550887e+06
-4.635427e+06 3.810258e+06
-5.660039e+06 5.616149e+06
-8.526885e+06 6.487682e+06
-9.200912e+06 4.962992e+06
-6.099190e+06 1.831556e+06
-6.810488e+05 -1.499739e+06
4.949070e+06 -4.046188e+06
8.978946e+06 -4.958134e+06
9.906616e+06 -3.791676e+06
7.261952e+06 -1.103493e+06
2.021008e+06 1.955276e+06
-3.985243e+06 4.362102e+06
-8.494411e+06 5.317748e+06
-9.521084e+06 4.490161e+06
-6.575387e+06 2.262190e+06
-9.488266e+05 -5.757447e+05
5.291623e+06 -3.091192e+06
9.825345e+06 -4.094529e+06
1.057522e+07 -3.067867e+06
7.885861e+06 -1.645748e+06
5.475452e+06 -2.401785e+06
6.585836e+06 -5.314480e+06
9.563877e+06 -7.234734e+06
9.967975e+06 -6.051762e+06
6.976468e+06 -3.697176e+06
4.651135e+06 -3.435513e+06
6.129605e+06 -5.456633e+06
9.445251e+06 -6.991963e+06
1.041072e+07 -5.968346e+06
7.461333e+06 -2.755200e+06
2.022459e+06 1.078110e+06
-3.762223e+06 4.066859e+06
-7.827125e+06 5.191767e+06
-8.398665e+06 4.277538e+06
-5.177907e+06 2.034019e+06
3.421781e+05 -6.271439e+05
6.118648e+06 -2.843536e+06
1.007731e+07 -3.425749e+06
1.038683e+07 -2.049222e+06
7.586570e+06 -6.571247e+05
5.398786e+06 -1.671947e+06
6.707471e+06 -4.655653e+06
9.644566e+06 -6.647481e+06
1.011209e+07 -5.791656e+06
6.708811e+06 -2.787828e+06
1.162445e+06 8.682785e+05
-4.316085e+06 3.978384e+06
-7.849269e+06 5.373949e+06
-7.881535e+06 4.444002e+06
-4.288652e+06 1.881128e+06
1.353845e+06 -1.079749e+06
7.071687e+06 -3.423551e+06
1.095711e+07 -4.228193e+06
1.126262e+07 -3.268602e+06
8.401444e+06 -2.096506e+06
5.975906e+06 -2.781462e+06
7.144270e+06 -5.017046e+06
1.033988e+07 -6.102316e+06
1.115725e+07 -4.594269e+06
8.480983e+06 -2.472688e+06
5.982161e+06 -2.581490e+06
6.937110e+06 -4.861329e+06
9.698176e+06 -6.419264e+06
1.009587e+07 -5.399172e+06
7.368746e+06 -3.384501e+06
5.305588e+06 -3.041054e+06
6.883958e+06 -4.351891e+06
1.011194e+07 -4.922347e+06
1.072706e+07 -3.368378e+06
7.260311e+06 -5.125036e+05
1.551251e+06 2.344542e+06
-3.997582e+06 4.448435e+06
-7.607574e+06 5.045488e+06
-7.937987e+06 3.723768e+06
-4.827160e+06 1.093239e+06
3.489217e+05 -1.842585e+06
5.733972e+06 -4.330883e+06
9.521808e+06 -5.375357e+06
1.008858e+07 -4.378031e+06
7.826462e+06 -2.705046e+06
6.022942e+06 -2.674996e+06
7.326664e+06 -4.403531e+06
1.005774e+07 -5.598104e+06
1.036309e+07 -4.592068e+06
6.925203e+06 -1.800354e+06
1.506558e+06 1.589805e+06
-3.728512e+06 4.490564e+06
-7.219561e+06 5.711420e+06
-7.657332e+06 4.655820e+06
-4.653209e+06 1.989116e+06
7.193423e+05 -9.852176e+05
6.530289e+06 -3.186588e+06
1.062134e+07 -3.916141e+06
1.113534e+07 -3.004382e+06
7.657599e+06 -9.603944e+05
1.658620e+06 1.498266e+06
-4.576803e+06 3.693727e+06
-8.801974e+06 4.646572e+06
-9.282752e+06 3.800479e+06
-6.518396e+06 2.431308e+06
-4.089290e+06 2.660331e+06
-5.202329e+06 4.554386e+06
-8.346989e+06 5.618958e+06
-9.001578e+06 4.310010e+06
-5.996638e+06 2.455927e+06
-3.334892e+06 2.785591e+06
-4.500486e+06 5.124155e+06
-7.802906e+06 6.726708e+06
-8.917956e+06 5.686613e+06
-6.046192e+06 2.572988e+06
-5.787873e+05 -1.127667e+06
5.279877e+06 -4.128749e+06
9.304617e+06 -5.197349e+06
9.612263e+06 -3.958813e+06
6.785640e+06 -2.304047e+06
4.587641e+06 -2.909040e+06
5.910839e+06 -5.592470e+06
8.683706e+06 -7.070108e+06
8.497101e+06 -5.427480e+06
4.923341e+06 -2.945810e+06
2.387419e+06 -2.818690e+06
4.055827e+06 -4.889543e+06
7.723834e+06 -6.375241e+06
8.912464e+06 -5.617514e+06
5.905072e+06 -3.324096e+06
2.428420e+05 -6.773928e+05
-5.712032e+06 1.681848e+06
-9.806226e+06 3.061246e+06
-1.038046e+07 2.816124e+06
-7.304843e+06 9.901312e+05
-2.028324e+06 -1.801792e+06
3.727302e+06 -4.535981e+06
8.143222e+06 -5.699286e+06
9.165067e+06 -4.639831e+06
6.684905e+06 -3.030277e+06
4.116535e+06 -3.487342e+06
4.832098e+06 -6.016494e+06
7.593070e+06 -7.597636e+06
8.273384e+06 -6.169397e+06
5.876905e+06 -3.526084e+06
3.981985e+06 -2.966735e+06
5.595391e+06 -4.841404e+06
8.775991e+06 -6.190902e+06
9.242804e+06 -4.900112e+06
6.234952e+06 -2.688524e+06
3.650310e+06 -2.543339e+06
4.710063e+06 -4.473448e+06
7.691222e+06 -5.738958e+06
8.462340e+06 -4.642552e+06
5.452605e+06 -1.930788e+06
9.659572e+04 1.037528e+06
-5.427003e+06 3.459297e+06
-9.219342e+06 4.559191e+06
-9.604923e+06 3.737850e+06
-6.268980e+06 1.276950e+06
-8.074204e+05 -1.964381e+06
4.602522e+06 -4.950976e+06
8.064161e+06 -6.227628e+06
8.230154e+06 -4.990606e+06
5.833028e+06 -2.878429e+06
4.297933e+06 -2.575697e+06
6.186614e+06 -4.342018e+06
9.610670e+06 -5.698263e+06
1.039375e+07 -4.715140e+06
6.972683e+06 -1.764291e+06
1.136037e+06 1.758971e+06
-4.656303e+06 4.533709e+06
-8.539291e+06 5.471457e+06
-9.115095e+06 4.293992e+06
-6.038733e+06 1.866563e+06
-4.966676e+05 -6.946800e+05
5.379700e+06 -2.662838e+06
9.291542e+06 -3.604393e+06
9.528389e+06 -3.216719e+06
5.967715e+06 -1.610729e+06
1.687541e+05 8.909948e+05
-5.759149e+06 3.655599e+06
-9.713343e+06 5.150500e+06
-1.003320e+07 4.362667e+06
-7.309316e+06 2.690802e+06
-5.231013e+06 2.825317e+06
-6.780748e+06 4.911972e+06
-1.004186e+07 6.135036e+06
-1.043151e+07 4.823091e+06
-7.182554e+06 3.023048e+06
-4.548715e+06 3.505921e+06
-5.741211e+06 5.739772e+06
-8.754127e+06 6.823942e+06
-9.410058e+06 5.249603e+06
-6.308670e+06 2.043537e+06
-9.206448e+05 -1.131065e+06
4.780876e+06 -3.300244e+06
8.940861e+06 -3.930569e+06
9.766474e+06 -2.896954e+06
6.782748e+06 -7.998858e+05
1.221744e+06 1.560042e+06
-4.953372e+06 3.487564e+06
-9.441685e+06 4.035214e+06
-1.009011e+07 2.770925e+06
-7.319719e+06 1.322081e+06
-4.896445e+06 2.004775e+06
-5.836163e+06 4.697657e+06
-8.592717e+06 6.644211e+06
-9.361376e+06 5.757342e+06
-6.703492e+06 2.518047e+06
-1.833989e+06 -1.387877e+06
3.516041e+06 -4.506804e+06
7.465390e+06 -5.717816e+06
8.124706e+06 -4.612109e+06
5.105357e+06 -1.902421e+06
-1.099129e+05 1.193782e+06
-5.564671e+06 3.652932e+06
-9.385771e+06 4.477042e+06
-9.805971e+06 3.414089e+06
-7.197465e+06 1.989371e+06
-5.086741e+06 2.419815e+06
-6.486997e+06 4.550817e+06
-9.642380e+06 5.731261e+06
-1.019886e+07 4.346908e+06
-7.345876e+06 2.311281e+06
-5.028111e+06 2.603050e+06
-6.350170e+06 5.143439e+06
-9.341554e+06 6.719940e+06
-9.746174e+06 5.324804e+06
-7.099692e+06 2.913825e+06
-5.381378e+06 2.714393e+06
-7.399969e+06 4.911695e+06
-1.082241e+07 6.694767e+06
-1.124165e+07 5.980225e+06
-7.323416e+06 3.150163e+06
-1.100275e+06 -4.137431e+05
4.991000e+06 -3.455781e+06
9.104233e+06 -4.658109e+06
9.677808e+06 -3.580457e+06
7.085631e+06 -2.014036e+06
4.796536e+06 -2.480969e+06
5.859909e+06 -4.888645e+06
8.712970e+06 -6.342050e+06
9.035974e+06 -5.081390e+06
5.933292e+06 -3.080185e+06
3.410568e+06 -3.288839e+06
4.802192e+06 -5.600109e+06
8.333212e+06 -7.179862e+06
9.698063e+06 -6.051838e+06
6.912415e+06 -2.872749e+06
1.141462e+06 6.181420e+05
-5.251286e+06 3.079109e+06
-9.789677e+06 3.843462e+06
-1.049643e+07 2.940387e+06
-7.183605e+06 9.018452e+05
-1.560907e+06 -1.594592e+06
4.093618e+06 -3.721357e+06
7.859193e+06 -4.481785e+06
8.424712e+06 -3.413899e+06
5.626371e+06 -1.055375e+06
6.713632e+05 1.619025e+06
-4.692860e+06 3.702504e+06
-8.450990e+06 4.273561e+06
-8.788645e+06 3.145295e+06
-6.068050e+06 1.954684e+06
-3.745083e+06 2.892151e+06
-4.882421e+06 5.528335e+06
-7.883896e+06 6.864166e+06
-8.387721e+06 5.279828e+06
-5.524271e+06 2.968388e+06
-3.256390e+06 2.936748e+06
-4.856442e+06 5.065760e+06
-8.379651e+06 6.488381e+06
-9.473178e+06 5.288788e+06
-6.474439e+06 2.116813e+06
-9.157676e+05 -1.384326e+06
5.057019e+06 -3.886024e+06
9.410591e+06 -4.415043e+06
1.018222e+07 -2.953976e+06
7.581726e+06 -1.419038e+06
5.149788e+06 -2.200422e+06
6.083701e+06 -5.011692e+06
8.893697e+06 -6.802947e+06
9.293472e+06 -5.721730e+06
6.481296e+06 -3.663830e+06
4.457944e+06 -3.535255e+06
6.221897e+06 -5.259129e+06
9.535747e+06 -6.217541e+06
9.990228e+06 -4.842776e+06
6.203957e+06 -1.876637e+06
1.389152e+05 1.236763e+06
-5.718878e+06 3.531332e+06
-9.483135e+06 4.307104e+06
-9.678218e+06 3.221084e+06
-6.165929e+06 7.559614e+05
-4.354256e+05 -2.182673e+06
5.495427e+06 -4.618386e+06
9.684423e+06 -5.372308e+06
1.037633e+07 -4.034179e+06
7.825982e+06 -2.305834e+06
5.345106e+06 -2.676911e+06
6.031584e+06 -5.110189e+06
8.469131e+06 -6.647524e+06
8.657473e+06 -5.269151e+06
5.902493e+06 -2.701230e+06
4.069004e+06 -2.131821e+06
6.173165e+06 -3.947036e+06
9.912340e+06 -5.301442e+06
1.064527e+07 -4.173452e+06
7.669996e+06 -2.217249e+06
5.104442e+06 -2.278503e+06
6.251703e+06 -4.307780e+06
9.318047e+06 -5.643704e+06
1.015566e+07 -4.656161e+06
7.129088e+06 -2.047923e+06
1.646118e+06 9.469600e+05
-4.219961e+06 3.538285e+06
-8.392170e+06 4.701635e+06
-8.970551e+06 3.768554e+06
-5.977857e+06 1.733129e+06
-1.787266e+06 -6.858021e+02
6.358612e+05 2.547049e+05
5.658799e+05 2.625760e+05
5.668522e+05 1.446982e+05
6.740620e+05 9.861436e+04
8.985312e+05 2.407052e+05
1.155684e+06 5.809598e+05
1.427983e+06 8.236524e+05
1.541096e+06 7.475890e+05
1.550470e+06 4.754533e+05
1.545397e+06 2.175741e+05
1.447414e+06 1.959713e+05
1.109527e+06 3.236533e+05
6.131243e+05 4.084539e+05
2.892627e+05 4.315514e+05
3.737825e+05 4.918116e+05
6.529101e+05 5.715705e+05
7.249657e+05 5.445845e+05
4.176327e+05 3.108372e+05
-1.146232e+05 -8.496502e+04
-5.774822e+05 -3.730714e+05
-8.234021e+05 -3.386469e+05
-8.355668e+05 -8.357847e+02
-6.705684e+05 3.323938e+05
-4.682836e+05 4.222301e+05
-3.892585e+05 2.879942e+05
-4.566549e+05 1.203490e+05
-6.081328e+05 -1.176947e+04
-6.496307e+05 -7.107034e+04
-5.036736e+05 -2.732340e+04
-2.497239e+05 1.240704e+05
1.955603e+04 2.682705e+05
2.355520e+05 3.170550e+05
4.030944e+05 2.329935e+05
4.504329e+05 -3.127915e+04
3.969351e+05 -3.723964e+05
3.357284e+05 -5.976791e+05
3.158104e+05 -5.480124e+05
2.937365e+05 -2.529254e+05
2.221762e+05 1.257688e+05
1.465912e+05 3.855952e+05
1.113167e+05 4.455916e+05
3.144619e+04 3.486443e+05
-2.100000e+05 1.409442e+05
-6.176949e+05 -1.411572e+05
-9.552167e+05 -4.556794e+05
-9.916913e+05 -6.469258e+05
-7.408202e+05 -5.959484e+05
-4.695279e+05 -4.038804e+05
-3.458893e+05 -3.198053e+05
-3.468820e+05 -4.508250e+05
-3.865449e+05 -5.821812e+05
-4.083593e+05 -4.574473e+05
-3.200664e+05 -1.415425e+05
-1.223772e+05 8.580276e+04
8.397414e+04 6.316059e+04
9.094188e+04 -1.730650e+05
-1.857631e+05 -5.045628e+05
-5.927283e+05 -7.757829e+05
-8.786621e+05 -8.354201e+05
-9.038801e+05 -6.997816e+05
-7.668806e+05 -5.592863e+05
-6.411933e+05 -5.228661e+05
-5.070667e+05 -5.063274e+05
-2.708570e+05 -4.039203e+05
5.379887e+04 -2.293994e+05
2.091965e+05 -9.622930e+02
4.323006e+04 2.528698e+05
-2.676278e+05 4.193972e+05
-4.312132e+05 4.052845e+05
-4.044359e+05 2.776342e+05
-3.419588e+05 1.956718e+05
-3.343147e+05 1.822846e+05
-3.036301e+05 1.598593e+05
-1.851525e+05 1.072668e+05
-4.757392e+04 1.136714e+05
3.942092e+04 2.496724e+05
9.189872e+03 4.645134e+05
-7.240609e+04 5.805787e+05
-1.400089e+05 5.272666e+05
-1.574081e+05 3.463165e+05
-1.402043e+05 8.902735e+04
-1.013754e+05 -2.307547e+05
-5.750999e+04 -5.336322e+05
-5.156834e+04 -6.381127e+05
-1.240040e+05 -4.733233e+05
-2.228916e+05 -1.584015e+05
-2.306166e+05 6.880704e+04
-7.998605e+04 1.451807e+05
1.494888e+05 1.107136e+05
2.807619e+05 4.032922e+04
2.300928e+05 -9.986494e+04
8.349920e+04 -3.368568e+05
2.110397e+04 -5.488935e+05
5.534287e+04 -5.266012e+05
7.400389e+04 -1.867337e+05
-6.262693e+04 2.831799e+05
-2.797183e+05 5.580427e+05
-3.850254e+05 5.007746e+05
-3.119156e+05 2.608656e+05
-1.799793e+05 1.427302e+04
-4.573742e+04 -1.551168e+05
8.797216e+04 -2.254461e+05
2.334525e+05 -8.512134e+04
3.371547e+05 1.557236e+05
3.624542e+05 2.876731e+05
2.756933e+05 1.181433e+05
1.473584e+05 -2.476507e+05
5.523059e+04 -4.999966e+05
3.108252e+04 -4.736177e+05
8.142311e+04 -3.048381e+05
9.322933e+04 -1.487091e+05
4.363241e+03 -2.807052e+04
-1.591381e+05 1.002222e+05
-3.279765e+05 1.451938e+05
-3.851223e+05 -1.282376e+03
-2.575665e+05 -2.398440e+05
2.344812e+04 -3.399638e+05
2.559031e+05 -1.944361e+05
2.557646e+05 7.410302e+04
5.408734e+04 2.966657e+05
-2.181467e+05 3.855554e+05
-4.359285e+05 3.597423e+05
-5.386635e+05 2.783444e+05
-4.855551e+05 2.098193e+05
-2.829532e+05 1.892338e+05
-9.459260e+03 2.449152e+05
2.579556e+05 3.130851e+05
5.059794e+05 3.472531e+05
6.609298e+05 3.630697e+05
6.058368e+05 3.888235e+05
3.462762e+05 4.370911e+05
8.006311e+04 4.945358e+05
1.441735e+04 5.042017e+05
1.216028e+05 4.655175e+05
1.843224e+05 3.896902e+05
5.132172e+04 3.210275e+05
-2.121797e+05 3.059109e+05
-4.867161e+05 2.999663e+05
-6.658761e+05 2.026395e+05
-6.864148e+05 5.399116e+03
-5.255883e+05 -1.882756e+05
-2.512355e+05 -2.483019e+05
8.525587e+03 -1.720584e+05
1.147984e+05 -3.594052e+04
3.066222e+04 7.811907e+04
-1.376542e+05 1.315778e+05
-1.713512e+05 1.563677e+05
3.689174e+04 2.224918e+05
3.509295e+05 3.133109e+05
5.162689e+05 3.544414e+05
4.426119e+05 3.057272e+05
1.952662e+05 1.683718e+05
-1.195608e+05 4.406185e+04
-4.069165e+05 3.285433e+04
-5.012203e+05 1.499501e+05
-3.421314e+05 2.755200e+05
9.269609e+03 2.871398e+05
3.946002e+05 2.497749e+05
6.906940e+05 3.035650e+05
8.180747e+05 3.958453e+05
7.514493e+05 3.514813e+05
6.311427e+05 1.690339e+05
6.533610e+05 3.869190e+04
7.843938e+05 4.273945e+04
8.120355e+05 3.057578e+04
6.466065e+05 -8.043952e+04
5.009987e+05 -1.521403e+05
5.834666e+05 -1.393355e+03
8.762637e+05 2.876873e+05
1.136227e+06 4.420681e+05
1.150054e+06 3.069870e+05
8.605816e+05 -5.334083e+03
3.721070e+05 -2.247414e+05
-8.485574e+04 -2.193741e+05
-3.067653e+05 -2.696564e+04
-2.527373e+05 2.000206e+05
-3.759861e+04 3.327385e+05
2.234840e+05 2.859880e+05
5.022089e+05 9.762746e+04
6.231395e+05 -1.480428e+05
4.633436e+05 -3.246548e+05
1.334624e+05 -3.502879e+05
-3.119118e+03 -1.784695e+05
1.758829e+05 1.176292e+05
4.304399e+05 3.895918e+05
4.923273e+05 4.782165e+05
3.180872e+05 3.513937e+05
2.021759e+04 1.087909e+05
-2.032137e+05 -8.110404e+04
-2.126960e+05 -1.399647e+05
-2.380776e+04 -1.129900e+05
1.702124e+05 -5.782130e+04
2.034660e+05 3.571505e+04
1.389681e+05 1.786322e+05
1.105935e+05 3.439542e+05
1.173716e+05 4.262123e+05
1.051762e+05 3.680341e+05
9.874435e+04 2.196383e+05
1.343785e+05 9.645382e+04
1.305568e+05 2.972503e+04
4.633448e+03 -2.879530e+04
-1.293113e+05 -8.983137e+04
-6.946822e+04 -3.331702e+04
1.209367e+05 1.665465e+05
1.414295e+05 3.446064e+05
-1.011511e+05 3.205235e+05
-2.910787e+05 1.324301e+05
-1.027158e+05 -4.199623e+04
3.164507e+05 -1.189094e+05
5.671174e+05 -1.219520e+05
4.898817e+05 -1.235007e+05
1.967471e+05 -1.650258e+05
-1.703296e+05 -2.592433e+05
-4.576159e+05 -4.043333e+05
-4.612115e+05 -5.447995e+05
-1.486374e+05 -6.179896e+05
2.359496e+05 -5.821282e+05
4.870461e+05 -4.738542e+05
6.346768e+05 -3.149056e+05
6.932486e+05 -1.491907e+05
6.082132e+05 5.548866e+04
4.461349e+05 2.616145e+05
4.048154e+05 3.774037e+05
5.068374e+05 3.485084e+05
5.573469e+05 2.732512e+05
4.358978e+05 2.864502e+05
1.617842e+05 3.328127e+05
-1.975407e+05 2.737514e+05
-5.562905e+05 8.242850e+04
-7.507829e+05 -8.722995e+04
-6.401278e+05 -1.159138e+05
-2.741861e+05 -5.816570e+04
1.625105e+05 -4.497383e+04
4.836631e+05 -7.592534e+04
5.596011e+05 -3.758771e+04
3.465679e+05 9.889566e+04
-6.277526e+04 2.288066e+05
-5.137918e+05 2.669379e+05
-8.566875e+05 2.076001e+05
-9.171156e+05 1.224406e+05
-6.395501e+05 1.113557e+04
-2.366039e+05 -1.388120e+05
-4.866174e+04 -2.800282e+05
-1.571838e+05 -3.064454e+05
-2.838754e+05 -1.627385e+05
-2.229335e+05 7.392963e+04
-9.445440e+04 2.490204e+05
-1.110764e+05 2.396356e+05
-2.274392e+05 1.287941e+05
-2.170213e+05 9.879535e+04
-1.150639e+04 2.225711e+05
2.857477e+05 3.876766e+05
5.801774e+05 4.712116e+05
8.484102e+05 4.558483e+05
9.947383e+05 4.129120e+05
9.159367e+05 3.752327e+05
7.220511e+05 3.355646e+05
6.419551e+05 2.947020e+05
7.584910e+05 2.419824e+05
8.587332e+05 1.524445e+05
7.959199e+05 2.688882e+04
6.941531e+05 -5.432067e+04
7.581389e+05 -4.403019e+04
9.529753e+05 3.928279e+04
1.064596e+06 1.790372e+05
9.571451e+05 3.769943e+05
6.644497e+05 5.713422e+05
2.508049e+05 5.873923e+05
-1.828909e+05 3.612935e+05
-4.295487e+05 4.749416e+04
-3.411601e+05 -1.289287e+05
-7.163661e+03 -1.388622e+05
3.633876e+05 -1.012915e+05
6.173016e+05 -1.361131e+05
6.688892e+05 -2.082978e+05
5.053523e+05 -1.884584e+05
3.198197e+05 -7.648356e+03
3.326406e+05 2.435995e+05
5.581247e+05 3.999564e+05
7.083348e+05 3.924825e+05
6.104114e+05 2.639184e+05
4.069990e+05 1.313845e+05
3.697561e+05 7.329503e+04
5.598690e+05 8.266100e+04
7.697877e+05 7.225293e+04
8.195913e+05 4.785808e+03
7.553446e+05 -3.460451e+04
7.466563e+05 4.672966e+04
8.265938e+05 1.755875e+05
8.722320e+05 2.257379e+05
7.464123e+05 1.622982e+05
4.508109e+05 4.636211e+04
6.487775e+04 -1.041456e+05
-2.870015e+05 -2.855692e+05
-4.573536e+05 -3.971708e+05
-3.952190e+05 -3.388442e+05
-1.484505e+05 -1.240416e+05
2.207756e+05 1.489387e+05
6.237407e+05 3.632300e+05
8.547044e+05 3.984160e+05
7.434764e+05 2.347390e+05
4.876411e+05 -1.310958e+04
4.588605e+05 -1.527911e+05
7.492367e+05 -9.999574e+04
1.040154e+06 6.400146e+04
1.028540e+06 2.011142e+05
7.631751e+05 1.961515e+05
4.363012e+05 3.404576e+04
1.612528e+05 -1.338663e+05
-2.449905e+04 -1.370440e+05
-4.908924e+04 4.712599e+04
1.143656e+05 2.514955e+05
3.781256e+05 3.324258e+05
5.908582e+05 3.136057e+05
6.563497e+05 2.784331e+05
5.725510e+05 2.351743e+05
3.689684e+05 1.582916e+05
6.742690e+04 7.769508e+04
-2.281648e+05 2.728931e+04
-2.922592e+05 6.834977e+03
-5.334221e+04 -1.607588e+04
2.381936e+05 -4.504608e+04
2.526702e+05 -4.972809e+04
-8.270329e+03 2.671949e+03
-2.037013e+05 8.980389e+04
-1.439940e+05 1.257289e+05
2.317302e+03 4.886453e+04
-1.455664e+04 -9.263399e+04
-1.934618e+05 -1.954608e+05
-2.882607e+05 -2.139027e+05
-1.471727e+05 -1.988609e+05
1.544001e+05 -1.928956e+05
4.720127e+05 -1.601881e+05
6.776530e+05 -8.943144e+04
7.024656e+05 -1.076589e+04
5.617277e+05 6.646622e+04
3.100486e+05 1.275897e+05
-2.918248e+04 1.441695e+05
-4.177189e+05 8.492378e+04
-6.588549e+05 -1.327756e+04
-5.710002e+05 -9.428391e+04
-3.012850e+05 -1.607726e+05
-1.834056e+05 -2.286206e+05
-3.342495e+05 -2.480073e+05
-5.126991e+05 -1.799198e+05
-4.677097e+05 -4.462071e+04
-1.831272e+05 8.344389e+04
2.440168e+05 1.725027e+05
6.551692e+05 2.025945e+05
8.590212e+05 1.331526e+05
7.515003e+05 -8.899544e+03
4.303159e+05 -9.879385e+04
8.118725e+04 -6.658175e+04
-1.778754e+05 -2.218978e+04
-3.013752e+05 -8.094330e+04
-2.706878e+05 -2.037976e+05
-1.555152e+05 -2.553248e+05
-1.314813e+05 -2.259413e+05
-2.950710e+05 -2.048597e+05
-4.968440e+05 -2.034808e+05
-5.110184e+05 -1.533858e+05
-3.476967e+05 -4.338560e+04
-2.719152e+05 1.746917e+04
-4.207209e+05 -3.361549e+04
-5.923711e+05 -1.301673e+05
-5.536607e+05 -1.542801e+05
-3.656052e+05 -1.047881e+05
-3.118204e+05 -5.043329e+04
-4.039632e+05 -5.440143e+04
-4.633205e+05 -1.109520e+05
-4.280513e+05 -1.815801e+05
-3.551537e+05 -2.375886e+05
-2.084704e+05 -2.160328e+05
7.016663e+04 -1.141396e+05
3.151807e+05 -2.264378e+04
3.202048e+05 -4.829282e+04
1.868970e+05 -1.361237e+05
2.253394e+05 -1.479849e+05
4.774116e+05 -6.486966e+04
6.591353e+05 1.726659e+04
6.052143e+05 3.154005e+04
4.914301e+05 1.876576e+04
5.599521e+05 5.512808e+04
7.528279e+05 1.580994e+05
8.295712e+05 2.636508e+05
6.966517e+05 2.981586e+05
4.089349e+05 2.172388e+05
6.260327e+04 4.048146e+04
-2.237171e+05 -1.409930e+05
-3.322892e+05 -2.102453e+05
-2.294579e+05 -1.311286e+05
1.631812e+03 2.086883e+04
3.026699e+05 1.151636e+05
6.326797e+05 1.137986e+05
8.556414e+05 5.752975e+04
7.938015e+05 -2.516568e+04
4.359323e+05 -1.146819e+05
-4.207150e+04 -1.844703e+05
-3.866586e+05 -1.984138e+05
-4.489338e+05 -1.772889e+05
-2.078860e+05 -1.537295e+05
1.117949e+05 -1.272357e+05
2.123665e+05 -8.395310e+04
3.971479e+04 -2.149958e+04
-1.409874e+05 7.032665e+04
-1.185466e+05 1.814954e+05
-2.527054e+03 2.581061e+05
-4.546281e+04 2.370536e+05
-2.170492e+05 1.614704e+05
-2.641288e+05 1.234331e+05
-5.751756e+04 1.718723e+05
2.704643e+05 2.588985e+05
5.629566e+05 3.517844e+05
7.611884e+05 4.230561e+05
8.127038e+05 4.232572e+05
6.753083e+05 3.149755e+05
4.795577e+05 1.398905e+05
4.407489e+05 4.860773e+04
5.292011e+05 1.507898e+05
5.162884e+05 4.043983e+05
3.257277e+05 5.874506e+05
1.990124e+05 5.522604e+05
3.273312e+05 3.633279e+05
5.686642e+05 2.057024e+05
6.617387e+05 1.275261e+05
5.480544e+05 2.482390e+04
3.081509e+05 -1.230212e+05
5.132681e+03 -2.057044e+05
-2.797181e+05 -1.408796e+05
-3.938501e+05 1.680914e+04
-2.694899e+05 1.421657e+05
-2.717142e+04 1.479477e+05
1.981120e+05 7.769982e+04
3.822283e+05 4.730767e+04
5.095461e+05 1.243878e+05
5.431646e+05 2.327488e+05
5.470964e+05 2.778745e+05
6.654919e+05 2.777365e+05
8.579178e+05 3.368737e+05
8.849606e+05 4.366622e+05
6.645834e+05 4.392610e+05
4.521999e+05 2.908073e+05
5.415042e+05 1.288677e+05
8.845821e+05 7.905976e+04
1.098831e+06 1.075422e+05
9.542760e+05 1.255642e+05
6.459413e+05 1.553286e+05
5.108100e+05 2.327237e+05
